//  A3DSkinModel action list file

"翅膀收起"
{
    -1  9
    0  0.000000  5.000000  1  1.000000
    1  0.000000  5.000000  1  1.000000
    2  0.000000  5.000000  1  1.000000
    3  0.000000  5.000000  1  1.000000
    4  0.000000  5.000000  1  1.000000
    5  0.000000  5.000000  1  1.000000
    6  0.000000  5.000000  1  1.000000
    7  0.000000  5.000000  1  1.000000
    8  0.000000  5.000000  1  1.000000
}

"低空下降"
{
    -1  9
    0  6.000000  14.000000  1  1.000000
    1  6.000000  14.000000  1  1.000000
    2  6.000000  14.000000  1  1.000000
    3  6.000000  14.000000  1  1.000000
    4  6.000000  14.000000  1  1.000000
    5  6.000000  14.000000  1  1.000000
    6  6.000000  14.000000  1  1.000000
    7  6.000000  14.000000  1  1.000000
    8  6.000000  14.000000  1  1.000000
}

"飞行落地"
{
    -1  9
    0  15.000000  29.000000  1  1.000000
    1  15.000000  29.000000  1  1.000000
    2  15.000000  29.000000  1  1.000000
    3  15.000000  29.000000  1  1.000000
    4  15.000000  29.000000  1  1.000000
    5  15.000000  29.000000  1  1.000000
    6  15.000000  29.000000  1  1.000000
    7  15.000000  29.000000  1  1.000000
    8  15.000000  29.000000  1  1.000000
}

"飞行前进"
{
    -1  9
    0  30.000000  51.000000  1  1.000000
    1  30.000000  51.000000  1  1.000000
    2  30.000000  51.000000  1  1.000000
    3  30.000000  51.000000  1  1.000000
    4  30.000000  51.000000  1  1.000000
    5  30.000000  51.000000  1  1.000000
    6  30.000000  51.000000  1  1.000000
    7  30.000000  51.000000  1  1.000000
    8  30.000000  51.000000  1  1.000000
}

"飞行悬停"
{
    -1  9
    0  52.000000  73.000000  1  1.000000
    1  52.000000  73.000000  1  1.000000
    2  52.000000  73.000000  1  1.000000
    3  52.000000  73.000000  1  1.000000
    4  52.000000  73.000000  1  1.000000
    5  52.000000  73.000000  1  1.000000
    6  52.000000  73.000000  1  1.000000
    7  52.000000  73.000000  1  1.000000
    8  52.000000  73.000000  1  1.000000
}

"高空下降"
{
    -1  9
    0  74.000000  84.000000  1  1.000000
    1  74.000000  84.000000  1  1.000000
    2  74.000000  84.000000  1  1.000000
    3  74.000000  84.000000  1  1.000000
    4  74.000000  84.000000  1  1.000000
    5  74.000000  84.000000  1  1.000000
    6  74.000000  84.000000  1  1.000000
    7  74.000000  84.000000  1  1.000000
    8  74.000000  84.000000  1  1.000000
}

"起飞"
{
    -1  9
    0  85.000000  106.000000  1  1.000000
    1  85.000000  106.000000  1  1.000000
    2  85.000000  106.000000  1  1.000000
    3  85.000000  106.000000  1  1.000000
    4  85.000000  106.000000  1  1.000000
    5  85.000000  106.000000  1  1.000000
    6  85.000000  106.000000  1  1.000000
    7  85.000000  106.000000  1  1.000000
    8  85.000000  106.000000  1  1.000000
}

"展开"
{
    -1  9
    0  107.000000  112.000000  1  1.000000
    1  107.000000  112.000000  1  1.000000
    2  107.000000  112.000000  1  1.000000
    3  107.000000  112.000000  1  1.000000
    4  107.000000  112.000000  1  1.000000
    5  107.000000  112.000000  1  1.000000
    6  107.000000  112.000000  1  1.000000
    7  107.000000  112.000000  1  1.000000
    8  107.000000  112.000000  1  1.000000
}

