//  A3DSkinModel action list file

"挂点"
{
    -1  27
    0  0.000000  1.000000  1  1.000000
    1  0.000000  1.000000  1  1.000000
    2  0.000000  1.000000  1  1.000000
    3  0.000000  1.000000  1  1.000000
    4  0.000000  1.000000  1  1.000000
    5  0.000000  1.000000  1  1.000000
    6  0.000000  1.000000  1  1.000000
    7  0.000000  1.000000  1  1.000000
    8  0.000000  1.000000  1  1.000000
    9  0.000000  1.000000  1  1.000000
    10  0.000000  1.000000  1  1.000000
    11  0.000000  1.000000  1  1.000000
    12  0.000000  1.000000  1  1.000000
    13  0.000000  1.000000  1  1.000000
    14  0.000000  1.000000  1  1.000000
    15  0.000000  1.000000  1  1.000000
    16  0.000000  1.000000  1  1.000000
    17  0.000000  1.000000  1  1.000000
    18  0.000000  1.000000  1  1.000000
    19  0.000000  1.000000  1  1.000000
    20  0.000000  1.000000  1  1.000000
    21  0.000000  1.000000  1  1.000000
    22  0.000000  1.000000  1  1.000000
    23  0.000000  1.000000  1  1.000000
    24  0.000000  1.000000  1  1.000000
    25  0.000000  1.000000  1  1.000000
    26  0.000000  1.000000  1  1.000000
}

"翅膀收起"
{
    -1  27
    0  2.000000  7.000000  1  1.000000
    1  2.000000  7.000000  1  1.000000
    2  2.000000  7.000000  1  1.000000
    3  2.000000  7.000000  1  1.000000
    4  2.000000  7.000000  1  1.000000
    5  2.000000  7.000000  1  1.000000
    6  2.000000  7.000000  1  1.000000
    7  2.000000  7.000000  1  1.000000
    8  2.000000  7.000000  1  1.000000
    9  2.000000  7.000000  1  1.000000
    10  2.000000  7.000000  1  1.000000
    11  2.000000  7.000000  1  1.000000
    12  2.000000  7.000000  1  1.000000
    13  2.000000  7.000000  1  1.000000
    14  2.000000  7.000000  1  1.000000
    15  2.000000  7.000000  1  1.000000
    16  2.000000  7.000000  1  1.000000
    17  2.000000  7.000000  1  1.000000
    18  2.000000  7.000000  1  1.000000
    19  2.000000  7.000000  1  1.000000
    20  2.000000  7.000000  1  1.000000
    21  2.000000  7.000000  1  1.000000
    22  2.000000  7.000000  1  1.000000
    23  2.000000  7.000000  1  1.000000
    24  2.000000  7.000000  1  1.000000
    25  2.000000  7.000000  1  1.000000
    26  2.000000  7.000000  1  1.000000
}

"天鹅之翼_地空下降"
{
    -1  27
    0  8.000000  15.000000  1  1.000000
    1  8.000000  15.000000  1  1.000000
    2  8.000000  15.000000  1  1.000000
    3  8.000000  15.000000  1  1.000000
    4  8.000000  15.000000  1  1.000000
    5  8.000000  15.000000  1  1.000000
    6  8.000000  15.000000  1  1.000000
    7  8.000000  15.000000  1  1.000000
    8  8.000000  15.000000  1  1.000000
    9  8.000000  15.000000  1  1.000000
    10  8.000000  15.000000  1  1.000000
    11  8.000000  15.000000  1  1.000000
    12  8.000000  15.000000  1  1.000000
    13  8.000000  15.000000  1  1.000000
    14  8.000000  15.000000  1  1.000000
    15  8.000000  15.000000  1  1.000000
    16  8.000000  15.000000  1  1.000000
    17  8.000000  15.000000  1  1.000000
    18  8.000000  15.000000  1  1.000000
    19  8.000000  15.000000  1  1.000000
    20  8.000000  15.000000  1  1.000000
    21  8.000000  15.000000  1  1.000000
    22  8.000000  15.000000  1  1.000000
    23  8.000000  15.000000  1  1.000000
    24  8.000000  15.000000  1  1.000000
    25  8.000000  15.000000  1  1.000000
    26  8.000000  15.000000  1  1.000000
}

"天鹅之翼_飞行落地"
{
    -1  27
    0  16.000000  30.000000  1  1.000000
    1  16.000000  30.000000  1  1.000000
    2  16.000000  30.000000  1  1.000000
    3  16.000000  30.000000  1  1.000000
    4  16.000000  30.000000  1  1.000000
    5  16.000000  30.000000  1  1.000000
    6  16.000000  30.000000  1  1.000000
    7  16.000000  30.000000  1  1.000000
    8  16.000000  30.000000  1  1.000000
    9  16.000000  30.000000  1  1.000000
    10  16.000000  30.000000  1  1.000000
    11  16.000000  30.000000  1  1.000000
    12  16.000000  30.000000  1  1.000000
    13  16.000000  30.000000  1  1.000000
    14  16.000000  30.000000  1  1.000000
    15  16.000000  30.000000  1  1.000000
    16  16.000000  30.000000  1  1.000000
    17  16.000000  30.000000  1  1.000000
    18  16.000000  30.000000  1  1.000000
    19  16.000000  30.000000  1  1.000000
    20  16.000000  30.000000  1  1.000000
    21  16.000000  30.000000  1  1.000000
    22  16.000000  30.000000  1  1.000000
    23  16.000000  30.000000  1  1.000000
    24  16.000000  30.000000  1  1.000000
    25  16.000000  30.000000  1  1.000000
    26  16.000000  30.000000  1  1.000000
}

"天鹅之翼_飞行前进"
{
    -1  27
    0  31.000000  52.000000  1  1.000000
    1  31.000000  52.000000  1  1.000000
    2  31.000000  52.000000  1  1.000000
    3  31.000000  52.000000  1  1.000000
    4  31.000000  52.000000  1  1.000000
    5  31.000000  52.000000  1  1.000000
    6  31.000000  52.000000  1  1.000000
    7  31.000000  52.000000  1  1.000000
    8  31.000000  52.000000  1  1.000000
    9  31.000000  52.000000  1  1.000000
    10  31.000000  52.000000  1  1.000000
    11  31.000000  52.000000  1  1.000000
    12  31.000000  52.000000  1  1.000000
    13  31.000000  52.000000  1  1.000000
    14  31.000000  52.000000  1  1.000000
    15  31.000000  52.000000  1  1.000000
    16  31.000000  52.000000  1  1.000000
    17  31.000000  52.000000  1  1.000000
    18  31.000000  52.000000  1  1.000000
    19  31.000000  52.000000  1  1.000000
    20  31.000000  52.000000  1  1.000000
    21  31.000000  52.000000  1  1.000000
    22  31.000000  52.000000  1  1.000000
    23  31.000000  52.000000  1  1.000000
    24  31.000000  52.000000  1  1.000000
    25  31.000000  52.000000  1  1.000000
    26  31.000000  52.000000  1  1.000000
}

"天鹅之翼_飞行悬停"
{
    -1  27
    0  53.000000  74.000000  1  1.000000
    1  53.000000  74.000000  1  1.000000
    2  53.000000  74.000000  1  1.000000
    3  53.000000  74.000000  1  1.000000
    4  53.000000  74.000000  1  1.000000
    5  53.000000  74.000000  1  1.000000
    6  53.000000  74.000000  1  1.000000
    7  53.000000  74.000000  1  1.000000
    8  53.000000  74.000000  1  1.000000
    9  53.000000  74.000000  1  1.000000
    10  53.000000  74.000000  1  1.000000
    11  53.000000  74.000000  1  1.000000
    12  53.000000  74.000000  1  1.000000
    13  53.000000  74.000000  1  1.000000
    14  53.000000  74.000000  1  1.000000
    15  53.000000  74.000000  1  1.000000
    16  53.000000  74.000000  1  1.000000
    17  53.000000  74.000000  1  1.000000
    18  53.000000  74.000000  1  1.000000
    19  53.000000  74.000000  1  1.000000
    20  53.000000  74.000000  1  1.000000
    21  53.000000  74.000000  1  1.000000
    22  53.000000  74.000000  1  1.000000
    23  53.000000  74.000000  1  1.000000
    24  53.000000  74.000000  1  1.000000
    25  53.000000  74.000000  1  1.000000
    26  53.000000  74.000000  1  1.000000
}

"天鹅之翼_高空下降"
{
    -1  27
    0  75.000000  85.000000  1  1.000000
    1  75.000000  85.000000  1  1.000000
    2  75.000000  85.000000  1  1.000000
    3  75.000000  85.000000  1  1.000000
    4  75.000000  85.000000  1  1.000000
    5  75.000000  85.000000  1  1.000000
    6  75.000000  85.000000  1  1.000000
    7  75.000000  85.000000  1  1.000000
    8  75.000000  85.000000  1  1.000000
    9  75.000000  85.000000  1  1.000000
    10  75.000000  85.000000  1  1.000000
    11  75.000000  85.000000  1  1.000000
    12  75.000000  85.000000  1  1.000000
    13  75.000000  85.000000  1  1.000000
    14  75.000000  85.000000  1  1.000000
    15  75.000000  85.000000  1  1.000000
    16  75.000000  85.000000  1  1.000000
    17  75.000000  85.000000  1  1.000000
    18  75.000000  85.000000  1  1.000000
    19  75.000000  85.000000  1  1.000000
    20  75.000000  85.000000  1  1.000000
    21  75.000000  85.000000  1  1.000000
    22  75.000000  85.000000  1  1.000000
    23  75.000000  85.000000  1  1.000000
    24  75.000000  85.000000  1  1.000000
    25  75.000000  85.000000  1  1.000000
    26  75.000000  85.000000  1  1.000000
}

"天鹅之翼_起飞"
{
    -1  27
    0  86.000000  107.000000  1  1.000000
    1  86.000000  107.000000  1  1.000000
    2  86.000000  107.000000  1  1.000000
    3  86.000000  107.000000  1  1.000000
    4  86.000000  107.000000  1  1.000000
    5  86.000000  107.000000  1  1.000000
    6  86.000000  107.000000  1  1.000000
    7  86.000000  107.000000  1  1.000000
    8  86.000000  107.000000  1  1.000000
    9  86.000000  107.000000  1  1.000000
    10  86.000000  107.000000  1  1.000000
    11  86.000000  107.000000  1  1.000000
    12  86.000000  107.000000  1  1.000000
    13  86.000000  107.000000  1  1.000000
    14  86.000000  107.000000  1  1.000000
    15  86.000000  107.000000  1  1.000000
    16  86.000000  107.000000  1  1.000000
    17  86.000000  107.000000  1  1.000000
    18  86.000000  107.000000  1  1.000000
    19  86.000000  107.000000  1  1.000000
    20  86.000000  107.000000  1  1.000000
    21  86.000000  107.000000  1  1.000000
    22  86.000000  107.000000  1  1.000000
    23  86.000000  107.000000  1  1.000000
    24  86.000000  107.000000  1  1.000000
    25  86.000000  107.000000  1  1.000000
    26  86.000000  107.000000  1  1.000000
}

"展开"
{
    -1  27
    0  108.000000  112.000000  1  1.000000
    1  108.000000  112.000000  1  1.000000
    2  108.000000  112.000000  1  1.000000
    3  108.000000  112.000000  1  1.000000
    4  108.000000  112.000000  1  1.000000
    5  108.000000  112.000000  1  1.000000
    6  108.000000  112.000000  1  1.000000
    7  108.000000  112.000000  1  1.000000
    8  108.000000  112.000000  1  1.000000
    9  108.000000  112.000000  1  1.000000
    10  108.000000  112.000000  1  1.000000
    11  108.000000  112.000000  1  1.000000
    12  108.000000  112.000000  1  1.000000
    13  108.000000  112.000000  1  1.000000
    14  108.000000  112.000000  1  1.000000
    15  108.000000  112.000000  1  1.000000
    16  108.000000  112.000000  1  1.000000
    17  108.000000  112.000000  1  1.000000
    18  108.000000  112.000000  1  1.000000
    19  108.000000  112.000000  1  1.000000
    20  108.000000  112.000000  1  1.000000
    21  108.000000  112.000000  1  1.000000
    22  108.000000  112.000000  1  1.000000
    23  108.000000  112.000000  1  1.000000
    24  108.000000  112.000000  1  1.000000
    25  108.000000  112.000000  1  1.000000
    26  108.000000  112.000000  1  1.000000
}

