//  A3DSkinModel action list file

"òðÒí_¹Òµã"
{
    -1  23
    0  0.000000  1.000000  1  1.000000
    1  0.000000  1.000000  1  1.000000
    2  0.000000  1.000000  1  1.000000
    3  0.000000  1.000000  1  1.000000
    4  0.000000  1.000000  1  1.000000
    5  0.000000  1.000000  1  1.000000
    6  0.000000  1.000000  1  1.000000
    7  0.000000  1.000000  1  1.000000
    8  0.000000  1.000000  1  1.000000
    9  0.000000  1.000000  1  1.000000
    10  0.000000  1.000000  1  1.000000
    11  0.000000  1.000000  1  1.000000
    12  0.000000  1.000000  1  1.000000
    13  0.000000  1.000000  1  1.000000
    14  0.000000  1.000000  1  1.000000
    15  0.000000  1.000000  1  1.000000
    16  0.000000  1.000000  1  1.000000
    17  0.000000  1.000000  1  1.000000
    18  0.000000  1.000000  1  1.000000
    19  0.000000  1.000000  1  1.000000
    20  0.000000  1.000000  1  1.000000
    21  0.000000  1.000000  1  1.000000
    22  0.000000  1.000000  1  1.000000
}

"òðÒí_·ÉÐÐÂäµØ"
{
    -1  23
    0  2.000000  16.000000  1  1.000000
    1  2.000000  16.000000  1  1.000000
    2  2.000000  16.000000  1  1.000000
    3  2.000000  16.000000  1  1.000000
    4  2.000000  16.000000  1  1.000000
    5  2.000000  16.000000  1  1.000000
    6  2.000000  16.000000  1  1.000000
    7  2.000000  16.000000  1  1.000000
    8  2.000000  16.000000  1  1.000000
    9  2.000000  16.000000  1  1.000000
    10  2.000000  16.000000  1  1.000000
    11  2.000000  16.000000  1  1.000000
    12  2.000000  16.000000  1  1.000000
    13  2.000000  16.000000  1  1.000000
    14  2.000000  16.000000  1  1.000000
    15  2.000000  16.000000  1  1.000000
    16  2.000000  16.000000  1  1.000000
    17  2.000000  16.000000  1  1.000000
    18  2.000000  16.000000  1  1.000000
    19  2.000000  16.000000  1  1.000000
    20  2.000000  16.000000  1  1.000000
    21  2.000000  16.000000  1  1.000000
    22  2.000000  16.000000  1  1.000000
}

"òðÒí_·ÉÐÐÇ°½ø"
{
    -1  23
    0  17.000000  28.000000  1  1.000000
    1  17.000000  28.000000  1  1.000000
    2  17.000000  28.000000  1  1.000000
    3  17.000000  28.000000  1  1.000000
    4  17.000000  28.000000  1  1.000000
    5  17.000000  28.000000  1  1.000000
    6  17.000000  28.000000  1  1.000000
    7  17.000000  28.000000  1  1.000000
    8  17.000000  28.000000  1  1.000000
    9  17.000000  28.000000  1  1.000000
    10  17.000000  28.000000  1  1.000000
    11  17.000000  28.000000  1  1.000000
    12  17.000000  28.000000  1  1.000000
    13  17.000000  28.000000  1  1.000000
    14  17.000000  28.000000  1  1.000000
    15  17.000000  28.000000  1  1.000000
    16  17.000000  28.000000  1  1.000000
    17  17.000000  28.000000  1  1.000000
    18  17.000000  28.000000  1  1.000000
    19  17.000000  28.000000  1  1.000000
    20  17.000000  28.000000  1  1.000000
    21  17.000000  28.000000  1  1.000000
    22  17.000000  28.000000  1  1.000000
}

"òðÒí_·ÉÐÐÏÂ½µ"
{
    -1  23
    0  29.000000  36.000000  1  1.000000
    1  29.000000  36.000000  1  1.000000
    2  29.000000  36.000000  1  1.000000
    3  29.000000  36.000000  1  1.000000
    4  29.000000  36.000000  1  1.000000
    5  29.000000  36.000000  1  1.000000
    6  29.000000  36.000000  1  1.000000
    7  29.000000  36.000000  1  1.000000
    8  29.000000  36.000000  1  1.000000
    9  29.000000  36.000000  1  1.000000
    10  29.000000  36.000000  1  1.000000
    11  29.000000  36.000000  1  1.000000
    12  29.000000  36.000000  1  1.000000
    13  29.000000  36.000000  1  1.000000
    14  29.000000  36.000000  1  1.000000
    15  29.000000  36.000000  1  1.000000
    16  29.000000  36.000000  1  1.000000
    17  29.000000  36.000000  1  1.000000
    18  29.000000  36.000000  1  1.000000
    19  29.000000  36.000000  1  1.000000
    20  29.000000  36.000000  1  1.000000
    21  29.000000  36.000000  1  1.000000
    22  29.000000  36.000000  1  1.000000
}

"òðÒí_·ÉÐÐÐüÍ£"
{
    -1  23
    0  37.000000  48.000000  1  1.000000
    1  37.000000  48.000000  1  1.000000
    2  37.000000  48.000000  1  1.000000
    3  37.000000  48.000000  1  1.000000
    4  37.000000  48.000000  1  1.000000
    5  37.000000  48.000000  1  1.000000
    6  37.000000  48.000000  1  1.000000
    7  37.000000  48.000000  1  1.000000
    8  37.000000  48.000000  1  1.000000
    9  37.000000  48.000000  1  1.000000
    10  37.000000  48.000000  1  1.000000
    11  37.000000  48.000000  1  1.000000
    12  37.000000  48.000000  1  1.000000
    13  37.000000  48.000000  1  1.000000
    14  37.000000  48.000000  1  1.000000
    15  37.000000  48.000000  1  1.000000
    16  37.000000  48.000000  1  1.000000
    17  37.000000  48.000000  1  1.000000
    18  37.000000  48.000000  1  1.000000
    19  37.000000  48.000000  1  1.000000
    20  37.000000  48.000000  1  1.000000
    21  37.000000  48.000000  1  1.000000
    22  37.000000  48.000000  1  1.000000
}

"òðÒí_¸ß¿ÕÏÂ½µ"
{
    -1  23
    0  49.000000  59.000000  1  1.000000
    1  49.000000  59.000000  1  1.000000
    2  49.000000  59.000000  1  1.000000
    3  49.000000  59.000000  1  1.000000
    4  49.000000  59.000000  1  1.000000
    5  49.000000  59.000000  1  1.000000
    6  49.000000  59.000000  1  1.000000
    7  49.000000  59.000000  1  1.000000
    8  49.000000  59.000000  1  1.000000
    9  49.000000  59.000000  1  1.000000
    10  49.000000  59.000000  1  1.000000
    11  49.000000  59.000000  1  1.000000
    12  49.000000  59.000000  1  1.000000
    13  49.000000  59.000000  1  1.000000
    14  49.000000  59.000000  1  1.000000
    15  49.000000  59.000000  1  1.000000
    16  49.000000  59.000000  1  1.000000
    17  49.000000  59.000000  1  1.000000
    18  49.000000  59.000000  1  1.000000
    19  49.000000  59.000000  1  1.000000
    20  49.000000  59.000000  1  1.000000
    21  49.000000  59.000000  1  1.000000
    22  49.000000  59.000000  1  1.000000
}

"òðÒí_Æð·É"
{
    -1  23
    0  60.000000  81.000000  1  1.000000
    1  60.000000  81.000000  1  1.000000
    2  60.000000  81.000000  1  1.000000
    3  60.000000  81.000000  1  1.000000
    4  60.000000  81.000000  1  1.000000
    5  60.000000  81.000000  1  1.000000
    6  60.000000  81.000000  1  1.000000
    7  60.000000  81.000000  1  1.000000
    8  60.000000  81.000000  1  1.000000
    9  60.000000  81.000000  1  1.000000
    10  60.000000  81.000000  1  1.000000
    11  60.000000  81.000000  1  1.000000
    12  60.000000  81.000000  1  1.000000
    13  60.000000  81.000000  1  1.000000
    14  60.000000  81.000000  1  1.000000
    15  60.000000  81.000000  1  1.000000
    16  60.000000  81.000000  1  1.000000
    17  60.000000  81.000000  1  1.000000
    18  60.000000  81.000000  1  1.000000
    19  60.000000  81.000000  1  1.000000
    20  60.000000  81.000000  1  1.000000
    21  60.000000  81.000000  1  1.000000
    22  60.000000  81.000000  1  1.000000
}

"ÊÕÆð"
{
    -1  23
    0  82.000000  87.000000  1  1.000000
    1  82.000000  87.000000  1  1.000000
    2  82.000000  87.000000  1  1.000000
    3  82.000000  87.000000  1  1.000000
    4  82.000000  87.000000  1  1.000000
    5  82.000000  87.000000  1  1.000000
    6  82.000000  87.000000  1  1.000000
    7  82.000000  87.000000  1  1.000000
    8  82.000000  87.000000  1  1.000000
    9  82.000000  87.000000  1  1.000000
    10  82.000000  87.000000  1  1.000000
    11  82.000000  87.000000  1  1.000000
    12  82.000000  87.000000  1  1.000000
    13  82.000000  87.000000  1  1.000000
    14  82.000000  87.000000  1  1.000000
    15  82.000000  87.000000  1  1.000000
    16  82.000000  87.000000  1  1.000000
    17  82.000000  87.000000  1  1.000000
    18  82.000000  87.000000  1  1.000000
    19  82.000000  87.000000  1  1.000000
    20  82.000000  87.000000  1  1.000000
    21  82.000000  87.000000  1  1.000000
    22  82.000000  87.000000  1  1.000000
}

"Õ¹¿ª"
{
    -1  23
    0  88.000000  96.000000  1  1.000000
    1  88.000000  96.000000  1  1.000000
    2  88.000000  96.000000  1  1.000000
    3  88.000000  96.000000  1  1.000000
    4  88.000000  96.000000  1  1.000000
    5  88.000000  96.000000  1  1.000000
    6  88.000000  96.000000  1  1.000000
    7  88.000000  96.000000  1  1.000000
    8  88.000000  96.000000  1  1.000000
    9  88.000000  96.000000  1  1.000000
    10  88.000000  96.000000  1  1.000000
    11  88.000000  96.000000  1  1.000000
    12  88.000000  96.000000  1  1.000000
    13  88.000000  96.000000  1  1.000000
    14  88.000000  96.000000  1  1.000000
    15  88.000000  96.000000  1  1.000000
    16  88.000000  96.000000  1  1.000000
    17  88.000000  96.000000  1  1.000000
    18  88.000000  96.000000  1  1.000000
    19  88.000000  96.000000  1  1.000000
    20  88.000000  96.000000  1  1.000000
    21  88.000000  96.000000  1  1.000000
    22  88.000000  96.000000  1  1.000000
}

