//  A3DSkinModel action list file

"ÐÝÏÐ1"
{
    -1  30
    0  0.000000  60.000000  1  1.000000
    1  0.000000  60.000000  1  1.000000
    2  0.000000  60.000000  1  1.000000
    3  0.000000  60.000000  1  1.000000
    4  0.000000  60.000000  1  1.000000
    5  0.000000  60.000000  1  1.000000
    6  0.000000  60.000000  1  1.000000
    7  0.000000  60.000000  1  1.000000
    8  0.000000  60.000000  1  1.000000
    9  0.000000  60.000000  1  1.000000
    10  0.000000  60.000000  1  1.000000
    11  0.000000  60.000000  1  1.000000
    12  0.000000  60.000000  1  1.000000
    13  0.000000  60.000000  1  1.000000
    14  0.000000  60.000000  1  1.000000
    15  0.000000  60.000000  1  1.000000
    16  0.000000  60.000000  1  1.000000
    17  0.000000  60.000000  1  1.000000
    18  0.000000  60.000000  1  1.000000
    19  0.000000  60.000000  1  1.000000
    20  0.000000  60.000000  1  1.000000
    21  0.000000  60.000000  1  1.000000
    22  0.000000  60.000000  1  1.000000
    23  0.000000  60.000000  1  1.000000
    24  0.000000  60.000000  1  1.000000
    25  0.000000  60.000000  1  1.000000
    26  0.000000  60.000000  1  1.000000
    27  0.000000  60.000000  1  1.000000
    28  0.000000  60.000000  1  1.000000
    29  0.000000  60.000000  1  1.000000
}

"ÐÝÏÐ2"
{
    -1  30
    0  61.000000  91.000000  1  1.000000
    1  61.000000  91.000000  1  1.000000
    2  61.000000  91.000000  1  1.000000
    3  61.000000  91.000000  1  1.000000
    4  61.000000  91.000000  1  1.000000
    5  61.000000  91.000000  1  1.000000
    6  61.000000  91.000000  1  1.000000
    7  61.000000  91.000000  1  1.000000
    8  61.000000  91.000000  1  1.000000
    9  61.000000  91.000000  1  1.000000
    10  61.000000  91.000000  1  1.000000
    11  61.000000  91.000000  1  1.000000
    12  61.000000  91.000000  1  1.000000
    13  61.000000  91.000000  1  1.000000
    14  61.000000  91.000000  1  1.000000
    15  61.000000  91.000000  1  1.000000
    16  61.000000  91.000000  1  1.000000
    17  61.000000  91.000000  1  1.000000
    18  61.000000  91.000000  1  1.000000
    19  61.000000  91.000000  1  1.000000
    20  61.000000  91.000000  1  1.000000
    21  61.000000  91.000000  1  1.000000
    22  61.000000  91.000000  1  1.000000
    23  61.000000  91.000000  1  1.000000
    24  61.000000  91.000000  1  1.000000
    25  61.000000  91.000000  1  1.000000
    26  61.000000  91.000000  1  1.000000
    27  61.000000  91.000000  1  1.000000
    28  61.000000  91.000000  1  1.000000
    29  61.000000  91.000000  1  1.000000
}

