//  A3DSkinModel action list file

"愤怒施放落"
{
    -1  46
    0  0.000000  5.000000  1  1.000000
    1  0.000000  5.000000  1  1.000000
    2  0.000000  5.000000  1  1.000000
    3  0.000000  5.000000  1  1.000000
    4  0.000000  5.000000  1  1.000000
    5  0.000000  5.000000  1  1.000000
    6  0.000000  5.000000  1  1.000000
    7  0.000000  5.000000  1  1.000000
    8  0.000000  5.000000  1  1.000000
    9  0.000000  5.000000  1  1.000000
    10  0.000000  5.000000  1  1.000000
    11  0.000000  5.000000  1  1.000000
    12  0.000000  5.000000  1  1.000000
    13  0.000000  5.000000  1  1.000000
    14  0.000000  5.000000  1  1.000000
    15  0.000000  5.000000  1  1.000000
    16  0.000000  5.000000  1  1.000000
    17  0.000000  5.000000  1  1.000000
    18  0.000000  5.000000  1  1.000000
    19  0.000000  5.000000  1  1.000000
    20  0.000000  5.000000  1  1.000000
    21  0.000000  5.000000  1  1.000000
    22  0.000000  5.000000  1  1.000000
    23  0.000000  5.000000  1  1.000000
    24  0.000000  5.000000  1  1.000000
    25  0.000000  5.000000  1  1.000000
    26  0.000000  5.000000  1  1.000000
    27  0.000000  5.000000  1  1.000000
    28  0.000000  5.000000  1  1.000000
    29  0.000000  5.000000  1  1.000000
    30  0.000000  5.000000  1  1.000000
    31  0.000000  5.000000  1  1.000000
    32  0.000000  5.000000  1  1.000000
    33  0.000000  5.000000  1  1.000000
    34  0.000000  5.000000  1  1.000000
    35  0.000000  5.000000  1  1.000000
    36  0.000000  5.000000  1  1.000000
    37  0.000000  5.000000  1  1.000000
    38  0.000000  5.000000  1  1.000000
    39  0.000000  5.000000  1  1.000000
    40  0.000000  5.000000  1  1.000000
    41  0.000000  5.000000  1  1.000000
    42  0.000000  5.000000  1  1.000000
    43  0.000000  5.000000  1  1.000000
    44  0.000000  5.000000  1  1.000000
    45  0.000000  5.000000  1  1.000000
}

"愤怒施放起"
{
    -1  46
    0  6.000000  12.000000  1  1.000000
    1  6.000000  12.000000  1  1.000000
    2  6.000000  12.000000  1  1.000000
    3  6.000000  12.000000  1  1.000000
    4  6.000000  12.000000  1  1.000000
    5  6.000000  12.000000  1  1.000000
    6  6.000000  12.000000  1  1.000000
    7  6.000000  12.000000  1  1.000000
    8  6.000000  12.000000  1  1.000000
    9  6.000000  12.000000  1  1.000000
    10  6.000000  12.000000  1  1.000000
    11  6.000000  12.000000  1  1.000000
    12  6.000000  12.000000  1  1.000000
    13  6.000000  12.000000  1  1.000000
    14  6.000000  12.000000  1  1.000000
    15  6.000000  12.000000  1  1.000000
    16  6.000000  12.000000  1  1.000000
    17  6.000000  12.000000  1  1.000000
    18  6.000000  12.000000  1  1.000000
    19  6.000000  12.000000  1  1.000000
    20  6.000000  12.000000  1  1.000000
    21  6.000000  12.000000  1  1.000000
    22  6.000000  12.000000  1  1.000000
    23  6.000000  12.000000  1  1.000000
    24  6.000000  12.000000  1  1.000000
    25  6.000000  12.000000  1  1.000000
    26  6.000000  12.000000  1  1.000000
    27  6.000000  12.000000  1  1.000000
    28  6.000000  12.000000  1  1.000000
    29  6.000000  12.000000  1  1.000000
    30  6.000000  12.000000  1  1.000000
    31  6.000000  12.000000  1  1.000000
    32  6.000000  12.000000  1  1.000000
    33  6.000000  12.000000  1  1.000000
    34  6.000000  12.000000  1  1.000000
    35  6.000000  12.000000  1  1.000000
    36  6.000000  12.000000  1  1.000000
    37  6.000000  12.000000  1  1.000000
    38  6.000000  12.000000  1  1.000000
    39  6.000000  12.000000  1  1.000000
    40  6.000000  12.000000  1  1.000000
    41  6.000000  12.000000  1  1.000000
    42  6.000000  12.000000  1  1.000000
    43  6.000000  12.000000  1  1.000000
    44  6.000000  12.000000  1  1.000000
    45  6.000000  12.000000  1  1.000000
}

"挂点"
{
    -1  46
    0  13.000000  14.000000  1  1.000000
    1  13.000000  14.000000  1  1.000000
    2  13.000000  14.000000  1  1.000000
    3  13.000000  14.000000  1  1.000000
    4  13.000000  14.000000  1  1.000000
    5  13.000000  14.000000  1  1.000000
    6  13.000000  14.000000  1  1.000000
    7  13.000000  14.000000  1  1.000000
    8  13.000000  14.000000  1  1.000000
    9  13.000000  14.000000  1  1.000000
    10  13.000000  14.000000  1  1.000000
    11  13.000000  14.000000  1  1.000000
    12  13.000000  14.000000  1  1.000000
    13  13.000000  14.000000  1  1.000000
    14  13.000000  14.000000  1  1.000000
    15  13.000000  14.000000  1  1.000000
    16  13.000000  14.000000  1  1.000000
    17  13.000000  14.000000  1  1.000000
    18  13.000000  14.000000  1  1.000000
    19  13.000000  14.000000  1  1.000000
    20  13.000000  14.000000  1  1.000000
    21  13.000000  14.000000  1  1.000000
    22  13.000000  14.000000  1  1.000000
    23  13.000000  14.000000  1  1.000000
    24  13.000000  14.000000  1  1.000000
    25  13.000000  14.000000  1  1.000000
    26  13.000000  14.000000  1  1.000000
    27  13.000000  14.000000  1  1.000000
    28  13.000000  14.000000  1  1.000000
    29  13.000000  14.000000  1  1.000000
    30  13.000000  14.000000  1  1.000000
    31  13.000000  14.000000  1  1.000000
    32  13.000000  14.000000  1  1.000000
    33  13.000000  14.000000  1  1.000000
    34  13.000000  14.000000  1  1.000000
    35  13.000000  14.000000  1  1.000000
    36  13.000000  14.000000  1  1.000000
    37  13.000000  14.000000  1  1.000000
    38  13.000000  14.000000  1  1.000000
    39  13.000000  14.000000  1  1.000000
    40  13.000000  14.000000  1  1.000000
    41  13.000000  14.000000  1  1.000000
    42  13.000000  14.000000  1  1.000000
    43  13.000000  14.000000  1  1.000000
    44  13.000000  14.000000  1  1.000000
    45  13.000000  14.000000  1  1.000000
}

"技能施放落"
{
    -1  46
    0  15.000000  34.000000  1  1.000000
    1  15.000000  34.000000  1  1.000000
    2  15.000000  34.000000  1  1.000000
    3  15.000000  34.000000  1  1.000000
    4  15.000000  34.000000  1  1.000000
    5  15.000000  34.000000  1  1.000000
    6  15.000000  34.000000  1  1.000000
    7  15.000000  34.000000  1  1.000000
    8  15.000000  34.000000  1  1.000000
    9  15.000000  34.000000  1  1.000000
    10  15.000000  34.000000  1  1.000000
    11  15.000000  34.000000  1  1.000000
    12  15.000000  34.000000  1  1.000000
    13  15.000000  34.000000  1  1.000000
    14  15.000000  34.000000  1  1.000000
    15  15.000000  34.000000  1  1.000000
    16  15.000000  34.000000  1  1.000000
    17  15.000000  34.000000  1  1.000000
    18  15.000000  34.000000  1  1.000000
    19  15.000000  34.000000  1  1.000000
    20  15.000000  34.000000  1  1.000000
    21  15.000000  34.000000  1  1.000000
    22  15.000000  34.000000  1  1.000000
    23  15.000000  34.000000  1  1.000000
    24  15.000000  34.000000  1  1.000000
    25  15.000000  34.000000  1  1.000000
    26  15.000000  34.000000  1  1.000000
    27  15.000000  34.000000  1  1.000000
    28  15.000000  34.000000  1  1.000000
    29  15.000000  34.000000  1  1.000000
    30  15.000000  34.000000  1  1.000000
    31  15.000000  34.000000  1  1.000000
    32  15.000000  34.000000  1  1.000000
    33  15.000000  34.000000  1  1.000000
    34  15.000000  34.000000  1  1.000000
    35  15.000000  34.000000  1  1.000000
    36  15.000000  34.000000  1  1.000000
    37  15.000000  34.000000  1  1.000000
    38  15.000000  34.000000  1  1.000000
    39  15.000000  34.000000  1  1.000000
    40  15.000000  34.000000  1  1.000000
    41  15.000000  34.000000  1  1.000000
    42  15.000000  34.000000  1  1.000000
    43  15.000000  34.000000  1  1.000000
    44  15.000000  34.000000  1  1.000000
    45  15.000000  34.000000  1  1.000000
}

"技能施放起"
{
    -1  46
    0  35.000000  67.000000  1  1.000000
    1  35.000000  67.000000  1  1.000000
    2  35.000000  67.000000  1  1.000000
    3  35.000000  67.000000  1  1.000000
    4  35.000000  67.000000  1  1.000000
    5  35.000000  67.000000  1  1.000000
    6  35.000000  67.000000  1  1.000000
    7  35.000000  67.000000  1  1.000000
    8  35.000000  67.000000  1  1.000000
    9  35.000000  67.000000  1  1.000000
    10  35.000000  67.000000  1  1.000000
    11  35.000000  67.000000  1  1.000000
    12  35.000000  67.000000  1  1.000000
    13  35.000000  67.000000  1  1.000000
    14  35.000000  67.000000  1  1.000000
    15  35.000000  67.000000  1  1.000000
    16  35.000000  67.000000  1  1.000000
    17  35.000000  67.000000  1  1.000000
    18  35.000000  67.000000  1  1.000000
    19  35.000000  67.000000  1  1.000000
    20  35.000000  67.000000  1  1.000000
    21  35.000000  67.000000  1  1.000000
    22  35.000000  67.000000  1  1.000000
    23  35.000000  67.000000  1  1.000000
    24  35.000000  67.000000  1  1.000000
    25  35.000000  67.000000  1  1.000000
    26  35.000000  67.000000  1  1.000000
    27  35.000000  67.000000  1  1.000000
    28  35.000000  67.000000  1  1.000000
    29  35.000000  67.000000  1  1.000000
    30  35.000000  67.000000  1  1.000000
    31  35.000000  67.000000  1  1.000000
    32  35.000000  67.000000  1  1.000000
    33  35.000000  67.000000  1  1.000000
    34  35.000000  67.000000  1  1.000000
    35  35.000000  67.000000  1  1.000000
    36  35.000000  67.000000  1  1.000000
    37  35.000000  67.000000  1  1.000000
    38  35.000000  67.000000  1  1.000000
    39  35.000000  67.000000  1  1.000000
    40  35.000000  67.000000  1  1.000000
    41  35.000000  67.000000  1  1.000000
    42  35.000000  67.000000  1  1.000000
    43  35.000000  67.000000  1  1.000000
    44  35.000000  67.000000  1  1.000000
    45  35.000000  67.000000  1  1.000000
}

"戒备"
{
    -1  46
    0  68.000000  80.000000  1  1.000000
    1  68.000000  80.000000  1  1.000000
    2  68.000000  80.000000  1  1.000000
    3  68.000000  80.000000  1  1.000000
    4  68.000000  80.000000  1  1.000000
    5  68.000000  80.000000  1  1.000000
    6  68.000000  80.000000  1  1.000000
    7  68.000000  80.000000  1  1.000000
    8  68.000000  80.000000  1  1.000000
    9  68.000000  80.000000  1  1.000000
    10  68.000000  80.000000  1  1.000000
    11  68.000000  80.000000  1  1.000000
    12  68.000000  80.000000  1  1.000000
    13  68.000000  80.000000  1  1.000000
    14  68.000000  80.000000  1  1.000000
    15  68.000000  80.000000  1  1.000000
    16  68.000000  80.000000  1  1.000000
    17  68.000000  80.000000  1  1.000000
    18  68.000000  80.000000  1  1.000000
    19  68.000000  80.000000  1  1.000000
    20  68.000000  80.000000  1  1.000000
    21  68.000000  80.000000  1  1.000000
    22  68.000000  80.000000  1  1.000000
    23  68.000000  80.000000  1  1.000000
    24  68.000000  80.000000  1  1.000000
    25  68.000000  80.000000  1  1.000000
    26  68.000000  80.000000  1  1.000000
    27  68.000000  80.000000  1  1.000000
    28  68.000000  80.000000  1  1.000000
    29  68.000000  80.000000  1  1.000000
    30  68.000000  80.000000  1  1.000000
    31  68.000000  80.000000  1  1.000000
    32  68.000000  80.000000  1  1.000000
    33  68.000000  80.000000  1  1.000000
    34  68.000000  80.000000  1  1.000000
    35  68.000000  80.000000  1  1.000000
    36  68.000000  80.000000  1  1.000000
    37  68.000000  80.000000  1  1.000000
    38  68.000000  80.000000  1  1.000000
    39  68.000000  80.000000  1  1.000000
    40  68.000000  80.000000  1  1.000000
    41  68.000000  80.000000  1  1.000000
    42  68.000000  80.000000  1  1.000000
    43  68.000000  80.000000  1  1.000000
    44  68.000000  80.000000  1  1.000000
    45  68.000000  80.000000  1  1.000000
}

"快速移动"
{
    -1  46
    0  81.000000  99.000000  1  1.000000
    1  81.000000  99.000000  1  1.000000
    2  81.000000  99.000000  1  1.000000
    3  81.000000  99.000000  1  1.000000
    4  81.000000  99.000000  1  1.000000
    5  81.000000  99.000000  1  1.000000
    6  81.000000  99.000000  1  1.000000
    7  81.000000  99.000000  1  1.000000
    8  81.000000  99.000000  1  1.000000
    9  81.000000  99.000000  1  1.000000
    10  81.000000  99.000000  1  1.000000
    11  81.000000  99.000000  1  1.000000
    12  81.000000  99.000000  1  1.000000
    13  81.000000  99.000000  1  1.000000
    14  81.000000  99.000000  1  1.000000
    15  81.000000  99.000000  1  1.000000
    16  81.000000  99.000000  1  1.000000
    17  81.000000  99.000000  1  1.000000
    18  81.000000  99.000000  1  1.000000
    19  81.000000  99.000000  1  1.000000
    20  81.000000  99.000000  1  1.000000
    21  81.000000  99.000000  1  1.000000
    22  81.000000  99.000000  1  1.000000
    23  81.000000  99.000000  1  1.000000
    24  81.000000  99.000000  1  1.000000
    25  81.000000  99.000000  1  1.000000
    26  81.000000  99.000000  1  1.000000
    27  81.000000  99.000000  1  1.000000
    28  81.000000  99.000000  1  1.000000
    29  81.000000  99.000000  1  1.000000
    30  81.000000  99.000000  1  1.000000
    31  81.000000  99.000000  1  1.000000
    32  81.000000  99.000000  1  1.000000
    33  81.000000  99.000000  1  1.000000
    34  81.000000  99.000000  1  1.000000
    35  81.000000  99.000000  1  1.000000
    36  81.000000  99.000000  1  1.000000
    37  81.000000  99.000000  1  1.000000
    38  81.000000  99.000000  1  1.000000
    39  81.000000  99.000000  1  1.000000
    40  81.000000  99.000000  1  1.000000
    41  81.000000  99.000000  1  1.000000
    42  81.000000  99.000000  1  1.000000
    43  81.000000  99.000000  1  1.000000
    44  81.000000  99.000000  1  1.000000
    45  81.000000  99.000000  1  1.000000
}

"慢速移动"
{
    -1  46
    0  100.000000  116.000000  1  1.000000
    1  100.000000  116.000000  1  1.000000
    2  100.000000  116.000000  1  1.000000
    3  100.000000  116.000000  1  1.000000
    4  100.000000  116.000000  1  1.000000
    5  100.000000  116.000000  1  1.000000
    6  100.000000  116.000000  1  1.000000
    7  100.000000  116.000000  1  1.000000
    8  100.000000  116.000000  1  1.000000
    9  100.000000  116.000000  1  1.000000
    10  100.000000  116.000000  1  1.000000
    11  100.000000  116.000000  1  1.000000
    12  100.000000  116.000000  1  1.000000
    13  100.000000  116.000000  1  1.000000
    14  100.000000  116.000000  1  1.000000
    15  100.000000  116.000000  1  1.000000
    16  100.000000  116.000000  1  1.000000
    17  100.000000  116.000000  1  1.000000
    18  100.000000  116.000000  1  1.000000
    19  100.000000  116.000000  1  1.000000
    20  100.000000  116.000000  1  1.000000
    21  100.000000  116.000000  1  1.000000
    22  100.000000  116.000000  1  1.000000
    23  100.000000  116.000000  1  1.000000
    24  100.000000  116.000000  1  1.000000
    25  100.000000  116.000000  1  1.000000
    26  100.000000  116.000000  1  1.000000
    27  100.000000  116.000000  1  1.000000
    28  100.000000  116.000000  1  1.000000
    29  100.000000  116.000000  1  1.000000
    30  100.000000  116.000000  1  1.000000
    31  100.000000  116.000000  1  1.000000
    32  100.000000  116.000000  1  1.000000
    33  100.000000  116.000000  1  1.000000
    34  100.000000  116.000000  1  1.000000
    35  100.000000  116.000000  1  1.000000
    36  100.000000  116.000000  1  1.000000
    37  100.000000  116.000000  1  1.000000
    38  100.000000  116.000000  1  1.000000
    39  100.000000  116.000000  1  1.000000
    40  100.000000  116.000000  1  1.000000
    41  100.000000  116.000000  1  1.000000
    42  100.000000  116.000000  1  1.000000
    43  100.000000  116.000000  1  1.000000
    44  100.000000  116.000000  1  1.000000
    45  100.000000  116.000000  1  1.000000
}

"普攻1落"
{
    -1  46
    0  117.000000  129.000000  1  1.000000
    1  117.000000  129.000000  1  1.000000
    2  117.000000  129.000000  1  1.000000
    3  117.000000  129.000000  1  1.000000
    4  117.000000  129.000000  1  1.000000
    5  117.000000  129.000000  1  1.000000
    6  117.000000  129.000000  1  1.000000
    7  117.000000  129.000000  1  1.000000
    8  117.000000  129.000000  1  1.000000
    9  117.000000  129.000000  1  1.000000
    10  117.000000  129.000000  1  1.000000
    11  117.000000  129.000000  1  1.000000
    12  117.000000  129.000000  1  1.000000
    13  117.000000  129.000000  1  1.000000
    14  117.000000  129.000000  1  1.000000
    15  117.000000  129.000000  1  1.000000
    16  117.000000  129.000000  1  1.000000
    17  117.000000  129.000000  1  1.000000
    18  117.000000  129.000000  1  1.000000
    19  117.000000  129.000000  1  1.000000
    20  117.000000  129.000000  1  1.000000
    21  117.000000  129.000000  1  1.000000
    22  117.000000  129.000000  1  1.000000
    23  117.000000  129.000000  1  1.000000
    24  117.000000  129.000000  1  1.000000
    25  117.000000  129.000000  1  1.000000
    26  117.000000  129.000000  1  1.000000
    27  117.000000  129.000000  1  1.000000
    28  117.000000  129.000000  1  1.000000
    29  117.000000  129.000000  1  1.000000
    30  117.000000  129.000000  1  1.000000
    31  117.000000  129.000000  1  1.000000
    32  117.000000  129.000000  1  1.000000
    33  117.000000  129.000000  1  1.000000
    34  117.000000  129.000000  1  1.000000
    35  117.000000  129.000000  1  1.000000
    36  117.000000  129.000000  1  1.000000
    37  117.000000  129.000000  1  1.000000
    38  117.000000  129.000000  1  1.000000
    39  117.000000  129.000000  1  1.000000
    40  117.000000  129.000000  1  1.000000
    41  117.000000  129.000000  1  1.000000
    42  117.000000  129.000000  1  1.000000
    43  117.000000  129.000000  1  1.000000
    44  117.000000  129.000000  1  1.000000
    45  117.000000  129.000000  1  1.000000
}

"普攻1起"
{
    -1  46
    0  130.000000  144.000000  1  1.000000
    1  130.000000  144.000000  1  1.000000
    2  130.000000  144.000000  1  1.000000
    3  130.000000  144.000000  1  1.000000
    4  130.000000  144.000000  1  1.000000
    5  130.000000  144.000000  1  1.000000
    6  130.000000  144.000000  1  1.000000
    7  130.000000  144.000000  1  1.000000
    8  130.000000  144.000000  1  1.000000
    9  130.000000  144.000000  1  1.000000
    10  130.000000  144.000000  1  1.000000
    11  130.000000  144.000000  1  1.000000
    12  130.000000  144.000000  1  1.000000
    13  130.000000  144.000000  1  1.000000
    14  130.000000  144.000000  1  1.000000
    15  130.000000  144.000000  1  1.000000
    16  130.000000  144.000000  1  1.000000
    17  130.000000  144.000000  1  1.000000
    18  130.000000  144.000000  1  1.000000
    19  130.000000  144.000000  1  1.000000
    20  130.000000  144.000000  1  1.000000
    21  130.000000  144.000000  1  1.000000
    22  130.000000  144.000000  1  1.000000
    23  130.000000  144.000000  1  1.000000
    24  130.000000  144.000000  1  1.000000
    25  130.000000  144.000000  1  1.000000
    26  130.000000  144.000000  1  1.000000
    27  130.000000  144.000000  1  1.000000
    28  130.000000  144.000000  1  1.000000
    29  130.000000  144.000000  1  1.000000
    30  130.000000  144.000000  1  1.000000
    31  130.000000  144.000000  1  1.000000
    32  130.000000  144.000000  1  1.000000
    33  130.000000  144.000000  1  1.000000
    34  130.000000  144.000000  1  1.000000
    35  130.000000  144.000000  1  1.000000
    36  130.000000  144.000000  1  1.000000
    37  130.000000  144.000000  1  1.000000
    38  130.000000  144.000000  1  1.000000
    39  130.000000  144.000000  1  1.000000
    40  130.000000  144.000000  1  1.000000
    41  130.000000  144.000000  1  1.000000
    42  130.000000  144.000000  1  1.000000
    43  130.000000  144.000000  1  1.000000
    44  130.000000  144.000000  1  1.000000
    45  130.000000  144.000000  1  1.000000
}

"普攻2落"
{
    -1  46
    0  145.000000  157.000000  1  1.000000
    1  145.000000  157.000000  1  1.000000
    2  145.000000  157.000000  1  1.000000
    3  145.000000  157.000000  1  1.000000
    4  145.000000  157.000000  1  1.000000
    5  145.000000  157.000000  1  1.000000
    6  145.000000  157.000000  1  1.000000
    7  145.000000  157.000000  1  1.000000
    8  145.000000  157.000000  1  1.000000
    9  145.000000  157.000000  1  1.000000
    10  145.000000  157.000000  1  1.000000
    11  145.000000  157.000000  1  1.000000
    12  145.000000  157.000000  1  1.000000
    13  145.000000  157.000000  1  1.000000
    14  145.000000  157.000000  1  1.000000
    15  145.000000  157.000000  1  1.000000
    16  145.000000  157.000000  1  1.000000
    17  145.000000  157.000000  1  1.000000
    18  145.000000  157.000000  1  1.000000
    19  145.000000  157.000000  1  1.000000
    20  145.000000  157.000000  1  1.000000
    21  145.000000  157.000000  1  1.000000
    22  145.000000  157.000000  1  1.000000
    23  145.000000  157.000000  1  1.000000
    24  145.000000  157.000000  1  1.000000
    25  145.000000  157.000000  1  1.000000
    26  145.000000  157.000000  1  1.000000
    27  145.000000  157.000000  1  1.000000
    28  145.000000  157.000000  1  1.000000
    29  145.000000  157.000000  1  1.000000
    30  145.000000  157.000000  1  1.000000
    31  145.000000  157.000000  1  1.000000
    32  145.000000  157.000000  1  1.000000
    33  145.000000  157.000000  1  1.000000
    34  145.000000  157.000000  1  1.000000
    35  145.000000  157.000000  1  1.000000
    36  145.000000  157.000000  1  1.000000
    37  145.000000  157.000000  1  1.000000
    38  145.000000  157.000000  1  1.000000
    39  145.000000  157.000000  1  1.000000
    40  145.000000  157.000000  1  1.000000
    41  145.000000  157.000000  1  1.000000
    42  145.000000  157.000000  1  1.000000
    43  145.000000  157.000000  1  1.000000
    44  145.000000  157.000000  1  1.000000
    45  145.000000  157.000000  1  1.000000
}

"普攻2起"
{
    -1  46
    0  158.000000  172.000000  1  1.000000
    1  158.000000  172.000000  1  1.000000
    2  158.000000  172.000000  1  1.000000
    3  158.000000  172.000000  1  1.000000
    4  158.000000  172.000000  1  1.000000
    5  158.000000  172.000000  1  1.000000
    6  158.000000  172.000000  1  1.000000
    7  158.000000  172.000000  1  1.000000
    8  158.000000  172.000000  1  1.000000
    9  158.000000  172.000000  1  1.000000
    10  158.000000  172.000000  1  1.000000
    11  158.000000  172.000000  1  1.000000
    12  158.000000  172.000000  1  1.000000
    13  158.000000  172.000000  1  1.000000
    14  158.000000  172.000000  1  1.000000
    15  158.000000  172.000000  1  1.000000
    16  158.000000  172.000000  1  1.000000
    17  158.000000  172.000000  1  1.000000
    18  158.000000  172.000000  1  1.000000
    19  158.000000  172.000000  1  1.000000
    20  158.000000  172.000000  1  1.000000
    21  158.000000  172.000000  1  1.000000
    22  158.000000  172.000000  1  1.000000
    23  158.000000  172.000000  1  1.000000
    24  158.000000  172.000000  1  1.000000
    25  158.000000  172.000000  1  1.000000
    26  158.000000  172.000000  1  1.000000
    27  158.000000  172.000000  1  1.000000
    28  158.000000  172.000000  1  1.000000
    29  158.000000  172.000000  1  1.000000
    30  158.000000  172.000000  1  1.000000
    31  158.000000  172.000000  1  1.000000
    32  158.000000  172.000000  1  1.000000
    33  158.000000  172.000000  1  1.000000
    34  158.000000  172.000000  1  1.000000
    35  158.000000  172.000000  1  1.000000
    36  158.000000  172.000000  1  1.000000
    37  158.000000  172.000000  1  1.000000
    38  158.000000  172.000000  1  1.000000
    39  158.000000  172.000000  1  1.000000
    40  158.000000  172.000000  1  1.000000
    41  158.000000  172.000000  1  1.000000
    42  158.000000  172.000000  1  1.000000
    43  158.000000  172.000000  1  1.000000
    44  158.000000  172.000000  1  1.000000
    45  158.000000  172.000000  1  1.000000
}

"受伤叠加"
{
    -1  46
    0  173.000000  178.000000  1  1.000000
    1  173.000000  178.000000  1  1.000000
    2  173.000000  178.000000  1  1.000000
    3  173.000000  178.000000  1  1.000000
    4  173.000000  178.000000  1  1.000000
    5  173.000000  178.000000  1  1.000000
    6  173.000000  178.000000  1  1.000000
    7  173.000000  178.000000  1  1.000000
    8  173.000000  178.000000  1  1.000000
    9  173.000000  178.000000  1  1.000000
    10  173.000000  178.000000  1  1.000000
    11  173.000000  178.000000  1  1.000000
    12  173.000000  178.000000  1  1.000000
    13  173.000000  178.000000  1  1.000000
    14  173.000000  178.000000  1  1.000000
    15  173.000000  178.000000  1  1.000000
    16  173.000000  178.000000  1  1.000000
    17  173.000000  178.000000  1  1.000000
    18  173.000000  178.000000  1  1.000000
    19  173.000000  178.000000  1  1.000000
    20  173.000000  178.000000  1  1.000000
    21  173.000000  178.000000  1  1.000000
    22  173.000000  178.000000  1  1.000000
    23  173.000000  178.000000  1  1.000000
    24  173.000000  178.000000  1  1.000000
    25  173.000000  178.000000  1  1.000000
    26  173.000000  178.000000  1  1.000000
    27  173.000000  178.000000  1  1.000000
    28  173.000000  178.000000  1  1.000000
    29  173.000000  178.000000  1  1.000000
    30  173.000000  178.000000  1  1.000000
    31  173.000000  178.000000  1  1.000000
    32  173.000000  178.000000  1  1.000000
    33  173.000000  178.000000  1  1.000000
    34  173.000000  178.000000  1  1.000000
    35  173.000000  178.000000  1  1.000000
    36  173.000000  178.000000  1  1.000000
    37  173.000000  178.000000  1  1.000000
    38  173.000000  178.000000  1  1.000000
    39  173.000000  178.000000  1  1.000000
    40  173.000000  178.000000  1  1.000000
    41  173.000000  178.000000  1  1.000000
    42  173.000000  178.000000  1  1.000000
    43  173.000000  178.000000  1  1.000000
    44  173.000000  178.000000  1  1.000000
    45  173.000000  178.000000  1  1.000000
}

"死亡"
{
    -1  46
    0  179.000000  214.000000  1  1.000000
    1  179.000000  214.000000  1  1.000000
    2  179.000000  214.000000  1  1.000000
    3  179.000000  214.000000  1  1.000000
    4  179.000000  214.000000  1  1.000000
    5  179.000000  214.000000  1  1.000000
    6  179.000000  214.000000  1  1.000000
    7  179.000000  214.000000  1  1.000000
    8  179.000000  214.000000  1  1.000000
    9  179.000000  214.000000  1  1.000000
    10  179.000000  214.000000  1  1.000000
    11  179.000000  214.000000  1  1.000000
    12  179.000000  214.000000  1  1.000000
    13  179.000000  214.000000  1  1.000000
    14  179.000000  214.000000  1  1.000000
    15  179.000000  214.000000  1  1.000000
    16  179.000000  214.000000  1  1.000000
    17  179.000000  214.000000  1  1.000000
    18  179.000000  214.000000  1  1.000000
    19  179.000000  214.000000  1  1.000000
    20  179.000000  214.000000  1  1.000000
    21  179.000000  214.000000  1  1.000000
    22  179.000000  214.000000  1  1.000000
    23  179.000000  214.000000  1  1.000000
    24  179.000000  214.000000  1  1.000000
    25  179.000000  214.000000  1  1.000000
    26  179.000000  214.000000  1  1.000000
    27  179.000000  214.000000  1  1.000000
    28  179.000000  214.000000  1  1.000000
    29  179.000000  214.000000  1  1.000000
    30  179.000000  214.000000  1  1.000000
    31  179.000000  214.000000  1  1.000000
    32  179.000000  214.000000  1  1.000000
    33  179.000000  214.000000  1  1.000000
    34  179.000000  214.000000  1  1.000000
    35  179.000000  214.000000  1  1.000000
    36  179.000000  214.000000  1  1.000000
    37  179.000000  214.000000  1  1.000000
    38  179.000000  214.000000  1  1.000000
    39  179.000000  214.000000  1  1.000000
    40  179.000000  214.000000  1  1.000000
    41  179.000000  214.000000  1  1.000000
    42  179.000000  214.000000  1  1.000000
    43  179.000000  214.000000  1  1.000000
    44  179.000000  214.000000  1  1.000000
    45  179.000000  214.000000  1  1.000000
}

"休闲"
{
    -1  46
    0  215.000000  263.000000  1  1.000000
    1  215.000000  263.000000  1  1.000000
    2  215.000000  263.000000  1  1.000000
    3  215.000000  263.000000  1  1.000000
    4  215.000000  263.000000  1  1.000000
    5  215.000000  263.000000  1  1.000000
    6  215.000000  263.000000  1  1.000000
    7  215.000000  263.000000  1  1.000000
    8  215.000000  263.000000  1  1.000000
    9  215.000000  263.000000  1  1.000000
    10  215.000000  263.000000  1  1.000000
    11  215.000000  263.000000  1  1.000000
    12  215.000000  263.000000  1  1.000000
    13  215.000000  263.000000  1  1.000000
    14  215.000000  263.000000  1  1.000000
    15  215.000000  263.000000  1  1.000000
    16  215.000000  263.000000  1  1.000000
    17  215.000000  263.000000  1  1.000000
    18  215.000000  263.000000  1  1.000000
    19  215.000000  263.000000  1  1.000000
    20  215.000000  263.000000  1  1.000000
    21  215.000000  263.000000  1  1.000000
    22  215.000000  263.000000  1  1.000000
    23  215.000000  263.000000  1  1.000000
    24  215.000000  263.000000  1  1.000000
    25  215.000000  263.000000  1  1.000000
    26  215.000000  263.000000  1  1.000000
    27  215.000000  263.000000  1  1.000000
    28  215.000000  263.000000  1  1.000000
    29  215.000000  263.000000  1  1.000000
    30  215.000000  263.000000  1  1.000000
    31  215.000000  263.000000  1  1.000000
    32  215.000000  263.000000  1  1.000000
    33  215.000000  263.000000  1  1.000000
    34  215.000000  263.000000  1  1.000000
    35  215.000000  263.000000  1  1.000000
    36  215.000000  263.000000  1  1.000000
    37  215.000000  263.000000  1  1.000000
    38  215.000000  263.000000  1  1.000000
    39  215.000000  263.000000  1  1.000000
    40  215.000000  263.000000  1  1.000000
    41  215.000000  263.000000  1  1.000000
    42  215.000000  263.000000  1  1.000000
    43  215.000000  263.000000  1  1.000000
    44  215.000000  263.000000  1  1.000000
    45  215.000000  263.000000  1  1.000000
}

"站立"
{
    -1  46
    0  264.000000  276.000000  1  1.000000
    1  264.000000  276.000000  1  1.000000
    2  264.000000  276.000000  1  1.000000
    3  264.000000  276.000000  1  1.000000
    4  264.000000  276.000000  1  1.000000
    5  264.000000  276.000000  1  1.000000
    6  264.000000  276.000000  1  1.000000
    7  264.000000  276.000000  1  1.000000
    8  264.000000  276.000000  1  1.000000
    9  264.000000  276.000000  1  1.000000
    10  264.000000  276.000000  1  1.000000
    11  264.000000  276.000000  1  1.000000
    12  264.000000  276.000000  1  1.000000
    13  264.000000  276.000000  1  1.000000
    14  264.000000  276.000000  1  1.000000
    15  264.000000  276.000000  1  1.000000
    16  264.000000  276.000000  1  1.000000
    17  264.000000  276.000000  1  1.000000
    18  264.000000  276.000000  1  1.000000
    19  264.000000  276.000000  1  1.000000
    20  264.000000  276.000000  1  1.000000
    21  264.000000  276.000000  1  1.000000
    22  264.000000  276.000000  1  1.000000
    23  264.000000  276.000000  1  1.000000
    24  264.000000  276.000000  1  1.000000
    25  264.000000  276.000000  1  1.000000
    26  264.000000  276.000000  1  1.000000
    27  264.000000  276.000000  1  1.000000
    28  264.000000  276.000000  1  1.000000
    29  264.000000  276.000000  1  1.000000
    30  264.000000  276.000000  1  1.000000
    31  264.000000  276.000000  1  1.000000
    32  264.000000  276.000000  1  1.000000
    33  264.000000  276.000000  1  1.000000
    34  264.000000  276.000000  1  1.000000
    35  264.000000  276.000000  1  1.000000
    36  264.000000  276.000000  1  1.000000
    37  264.000000  276.000000  1  1.000000
    38  264.000000  276.000000  1  1.000000
    39  264.000000  276.000000  1  1.000000
    40  264.000000  276.000000  1  1.000000
    41  264.000000  276.000000  1  1.000000
    42  264.000000  276.000000  1  1.000000
    43  264.000000  276.000000  1  1.000000
    44  264.000000  276.000000  1  1.000000
    45  264.000000  276.000000  1  1.000000
}

