//  A3DSkinModel action list file

"aa"
{
    -1  41
    0  0.000000  0.000000  1  1.000000
    1  0.000000  0.000000  1  1.000000
    2  0.000000  0.000000  1  1.000000
    3  0.000000  0.000000  1  1.000000
    4  0.000000  0.000000  1  1.000000
    5  0.000000  0.000000  1  1.000000
    6  0.000000  0.000000  1  1.000000
    7  0.000000  0.000000  1  1.000000
    8  0.000000  0.000000  1  1.000000
    9  0.000000  0.000000  1  1.000000
    10  0.000000  0.000000  1  1.000000
    11  0.000000  0.000000  1  1.000000
    12  0.000000  0.000000  1  1.000000
    13  0.000000  0.000000  1  1.000000
    14  0.000000  0.000000  1  1.000000
    15  0.000000  0.000000  1  1.000000
    16  0.000000  0.000000  1  1.000000
    17  0.000000  0.000000  1  1.000000
    18  0.000000  0.000000  1  1.000000
    19  0.000000  0.000000  1  1.000000
    20  0.000000  0.000000  1  1.000000
    21  0.000000  0.000000  1  1.000000
    22  0.000000  0.000000  1  1.000000
    23  0.000000  0.000000  1  1.000000
    24  0.000000  0.000000  1  1.000000
    25  0.000000  0.000000  1  1.000000
    26  0.000000  0.000000  1  1.000000
    27  0.000000  0.000000  1  1.000000
    28  0.000000  0.000000  1  1.000000
    29  0.000000  0.000000  1  1.000000
    30  0.000000  0.000000  1  1.000000
    31  0.000000  0.000000  1  1.000000
    32  0.000000  0.000000  1  1.000000
    33  0.000000  0.000000  1  1.000000
    34  0.000000  0.000000  1  1.000000
    35  0.000000  0.000000  1  1.000000
    36  0.000000  0.000000  1  1.000000
    37  0.000000  0.000000  1  1.000000
    38  0.000000  0.000000  1  1.000000
    39  0.000000  0.000000  1  1.000000
    40  0.000000  0.000000  1  1.000000
}

"·ßÅ­Âä"
{
    -1  41
    0  1.000000  8.000000  1  1.000000
    1  1.000000  8.000000  1  1.000000
    2  1.000000  8.000000  1  1.000000
    3  1.000000  8.000000  1  1.000000
    4  1.000000  8.000000  1  1.000000
    5  1.000000  8.000000  1  1.000000
    6  1.000000  8.000000  1  1.000000
    7  1.000000  8.000000  1  1.000000
    8  1.000000  8.000000  1  1.000000
    9  1.000000  8.000000  1  1.000000
    10  1.000000  8.000000  1  1.000000
    11  1.000000  8.000000  1  1.000000
    12  1.000000  8.000000  1  1.000000
    13  1.000000  8.000000  1  1.000000
    14  1.000000  8.000000  1  1.000000
    15  1.000000  8.000000  1  1.000000
    16  1.000000  8.000000  1  1.000000
    17  1.000000  8.000000  1  1.000000
    18  1.000000  8.000000  1  1.000000
    19  1.000000  8.000000  1  1.000000
    20  1.000000  8.000000  1  1.000000
    21  1.000000  8.000000  1  1.000000
    22  1.000000  8.000000  1  1.000000
    23  1.000000  8.000000  1  1.000000
    24  1.000000  8.000000  1  1.000000
    25  1.000000  8.000000  1  1.000000
    26  1.000000  8.000000  1  1.000000
    27  1.000000  8.000000  1  1.000000
    28  1.000000  8.000000  1  1.000000
    29  1.000000  8.000000  1  1.000000
    30  1.000000  8.000000  1  1.000000
    31  1.000000  8.000000  1  1.000000
    32  1.000000  8.000000  1  1.000000
    33  1.000000  8.000000  1  1.000000
    34  1.000000  8.000000  1  1.000000
    35  1.000000  8.000000  1  1.000000
    36  1.000000  8.000000  1  1.000000
    37  1.000000  8.000000  1  1.000000
    38  1.000000  8.000000  1  1.000000
    39  1.000000  8.000000  1  1.000000
    40  1.000000  8.000000  1  1.000000
}

"·ßÅ­Æð"
{
    -1  41
    0  9.000000  14.000000  1  1.000000
    1  9.000000  14.000000  1  1.000000
    2  9.000000  14.000000  1  1.000000
    3  9.000000  14.000000  1  1.000000
    4  9.000000  14.000000  1  1.000000
    5  9.000000  14.000000  1  1.000000
    6  9.000000  14.000000  1  1.000000
    7  9.000000  14.000000  1  1.000000
    8  9.000000  14.000000  1  1.000000
    9  9.000000  14.000000  1  1.000000
    10  9.000000  14.000000  1  1.000000
    11  9.000000  14.000000  1  1.000000
    12  9.000000  14.000000  1  1.000000
    13  9.000000  14.000000  1  1.000000
    14  9.000000  14.000000  1  1.000000
    15  9.000000  14.000000  1  1.000000
    16  9.000000  14.000000  1  1.000000
    17  9.000000  14.000000  1  1.000000
    18  9.000000  14.000000  1  1.000000
    19  9.000000  14.000000  1  1.000000
    20  9.000000  14.000000  1  1.000000
    21  9.000000  14.000000  1  1.000000
    22  9.000000  14.000000  1  1.000000
    23  9.000000  14.000000  1  1.000000
    24  9.000000  14.000000  1  1.000000
    25  9.000000  14.000000  1  1.000000
    26  9.000000  14.000000  1  1.000000
    27  9.000000  14.000000  1  1.000000
    28  9.000000  14.000000  1  1.000000
    29  9.000000  14.000000  1  1.000000
    30  9.000000  14.000000  1  1.000000
    31  9.000000  14.000000  1  1.000000
    32  9.000000  14.000000  1  1.000000
    33  9.000000  14.000000  1  1.000000
    34  9.000000  14.000000  1  1.000000
    35  9.000000  14.000000  1  1.000000
    36  9.000000  14.000000  1  1.000000
    37  9.000000  14.000000  1  1.000000
    38  9.000000  14.000000  1  1.000000
    39  9.000000  14.000000  1  1.000000
    40  9.000000  14.000000  1  1.000000
}

"½ä±¸"
{
    -1  41
    0  15.000000  30.000000  1  1.000000
    1  15.000000  30.000000  1  1.000000
    2  15.000000  30.000000  1  1.000000
    3  15.000000  30.000000  1  1.000000
    4  15.000000  30.000000  1  1.000000
    5  15.000000  30.000000  1  1.000000
    6  15.000000  30.000000  1  1.000000
    7  15.000000  30.000000  1  1.000000
    8  15.000000  30.000000  1  1.000000
    9  15.000000  30.000000  1  1.000000
    10  15.000000  30.000000  1  1.000000
    11  15.000000  30.000000  1  1.000000
    12  15.000000  30.000000  1  1.000000
    13  15.000000  30.000000  1  1.000000
    14  15.000000  30.000000  1  1.000000
    15  15.000000  30.000000  1  1.000000
    16  15.000000  30.000000  1  1.000000
    17  15.000000  30.000000  1  1.000000
    18  15.000000  30.000000  1  1.000000
    19  15.000000  30.000000  1  1.000000
    20  15.000000  30.000000  1  1.000000
    21  15.000000  30.000000  1  1.000000
    22  15.000000  30.000000  1  1.000000
    23  15.000000  30.000000  1  1.000000
    24  15.000000  30.000000  1  1.000000
    25  15.000000  30.000000  1  1.000000
    26  15.000000  30.000000  1  1.000000
    27  15.000000  30.000000  1  1.000000
    28  15.000000  30.000000  1  1.000000
    29  15.000000  30.000000  1  1.000000
    30  15.000000  30.000000  1  1.000000
    31  15.000000  30.000000  1  1.000000
    32  15.000000  30.000000  1  1.000000
    33  15.000000  30.000000  1  1.000000
    34  15.000000  30.000000  1  1.000000
    35  15.000000  30.000000  1  1.000000
    36  15.000000  30.000000  1  1.000000
    37  15.000000  30.000000  1  1.000000
    38  15.000000  30.000000  1  1.000000
    39  15.000000  30.000000  1  1.000000
    40  15.000000  30.000000  1  1.000000
}

"¿ìËÙÒÆ¶¯"
{
    -1  41
    0  31.000000  43.000000  1  1.000000
    1  31.000000  43.000000  1  1.000000
    2  31.000000  43.000000  1  1.000000
    3  31.000000  43.000000  1  1.000000
    4  31.000000  43.000000  1  1.000000
    5  31.000000  43.000000  1  1.000000
    6  31.000000  43.000000  1  1.000000
    7  31.000000  43.000000  1  1.000000
    8  31.000000  43.000000  1  1.000000
    9  31.000000  43.000000  1  1.000000
    10  31.000000  43.000000  1  1.000000
    11  31.000000  43.000000  1  1.000000
    12  31.000000  43.000000  1  1.000000
    13  31.000000  43.000000  1  1.000000
    14  31.000000  43.000000  1  1.000000
    15  31.000000  43.000000  1  1.000000
    16  31.000000  43.000000  1  1.000000
    17  31.000000  43.000000  1  1.000000
    18  31.000000  43.000000  1  1.000000
    19  31.000000  43.000000  1  1.000000
    20  31.000000  43.000000  1  1.000000
    21  31.000000  43.000000  1  1.000000
    22  31.000000  43.000000  1  1.000000
    23  31.000000  43.000000  1  1.000000
    24  31.000000  43.000000  1  1.000000
    25  31.000000  43.000000  1  1.000000
    26  31.000000  43.000000  1  1.000000
    27  31.000000  43.000000  1  1.000000
    28  31.000000  43.000000  1  1.000000
    29  31.000000  43.000000  1  1.000000
    30  31.000000  43.000000  1  1.000000
    31  31.000000  43.000000  1  1.000000
    32  31.000000  43.000000  1  1.000000
    33  31.000000  43.000000  1  1.000000
    34  31.000000  43.000000  1  1.000000
    35  31.000000  43.000000  1  1.000000
    36  31.000000  43.000000  1  1.000000
    37  31.000000  43.000000  1  1.000000
    38  31.000000  43.000000  1  1.000000
    39  31.000000  43.000000  1  1.000000
    40  31.000000  43.000000  1  1.000000
}

"ÂýËÙÒÆ¶¯"
{
    -1  41
    0  44.000000  59.000000  1  1.000000
    1  44.000000  59.000000  1  1.000000
    2  44.000000  59.000000  1  1.000000
    3  44.000000  59.000000  1  1.000000
    4  44.000000  59.000000  1  1.000000
    5  44.000000  59.000000  1  1.000000
    6  44.000000  59.000000  1  1.000000
    7  44.000000  59.000000  1  1.000000
    8  44.000000  59.000000  1  1.000000
    9  44.000000  59.000000  1  1.000000
    10  44.000000  59.000000  1  1.000000
    11  44.000000  59.000000  1  1.000000
    12  44.000000  59.000000  1  1.000000
    13  44.000000  59.000000  1  1.000000
    14  44.000000  59.000000  1  1.000000
    15  44.000000  59.000000  1  1.000000
    16  44.000000  59.000000  1  1.000000
    17  44.000000  59.000000  1  1.000000
    18  44.000000  59.000000  1  1.000000
    19  44.000000  59.000000  1  1.000000
    20  44.000000  59.000000  1  1.000000
    21  44.000000  59.000000  1  1.000000
    22  44.000000  59.000000  1  1.000000
    23  44.000000  59.000000  1  1.000000
    24  44.000000  59.000000  1  1.000000
    25  44.000000  59.000000  1  1.000000
    26  44.000000  59.000000  1  1.000000
    27  44.000000  59.000000  1  1.000000
    28  44.000000  59.000000  1  1.000000
    29  44.000000  59.000000  1  1.000000
    30  44.000000  59.000000  1  1.000000
    31  44.000000  59.000000  1  1.000000
    32  44.000000  59.000000  1  1.000000
    33  44.000000  59.000000  1  1.000000
    34  44.000000  59.000000  1  1.000000
    35  44.000000  59.000000  1  1.000000
    36  44.000000  59.000000  1  1.000000
    37  44.000000  59.000000  1  1.000000
    38  44.000000  59.000000  1  1.000000
    39  44.000000  59.000000  1  1.000000
    40  44.000000  59.000000  1  1.000000
}

"Ä§¹¥1Âä"
{
    -1  41
    0  60.000000  73.000000  1  1.000000
    1  60.000000  73.000000  1  1.000000
    2  60.000000  73.000000  1  1.000000
    3  60.000000  73.000000  1  1.000000
    4  60.000000  73.000000  1  1.000000
    5  60.000000  73.000000  1  1.000000
    6  60.000000  73.000000  1  1.000000
    7  60.000000  73.000000  1  1.000000
    8  60.000000  73.000000  1  1.000000
    9  60.000000  73.000000  1  1.000000
    10  60.000000  73.000000  1  1.000000
    11  60.000000  73.000000  1  1.000000
    12  60.000000  73.000000  1  1.000000
    13  60.000000  73.000000  1  1.000000
    14  60.000000  73.000000  1  1.000000
    15  60.000000  73.000000  1  1.000000
    16  60.000000  73.000000  1  1.000000
    17  60.000000  73.000000  1  1.000000
    18  60.000000  73.000000  1  1.000000
    19  60.000000  73.000000  1  1.000000
    20  60.000000  73.000000  1  1.000000
    21  60.000000  73.000000  1  1.000000
    22  60.000000  73.000000  1  1.000000
    23  60.000000  73.000000  1  1.000000
    24  60.000000  73.000000  1  1.000000
    25  60.000000  73.000000  1  1.000000
    26  60.000000  73.000000  1  1.000000
    27  60.000000  73.000000  1  1.000000
    28  60.000000  73.000000  1  1.000000
    29  60.000000  73.000000  1  1.000000
    30  60.000000  73.000000  1  1.000000
    31  60.000000  73.000000  1  1.000000
    32  60.000000  73.000000  1  1.000000
    33  60.000000  73.000000  1  1.000000
    34  60.000000  73.000000  1  1.000000
    35  60.000000  73.000000  1  1.000000
    36  60.000000  73.000000  1  1.000000
    37  60.000000  73.000000  1  1.000000
    38  60.000000  73.000000  1  1.000000
    39  60.000000  73.000000  1  1.000000
    40  60.000000  73.000000  1  1.000000
}

"Ä§¹¥1Æð"
{
    -1  41
    0  74.000000  81.000000  1  1.000000
    1  74.000000  81.000000  1  1.000000
    2  74.000000  81.000000  1  1.000000
    3  74.000000  81.000000  1  1.000000
    4  74.000000  81.000000  1  1.000000
    5  74.000000  81.000000  1  1.000000
    6  74.000000  81.000000  1  1.000000
    7  74.000000  81.000000  1  1.000000
    8  74.000000  81.000000  1  1.000000
    9  74.000000  81.000000  1  1.000000
    10  74.000000  81.000000  1  1.000000
    11  74.000000  81.000000  1  1.000000
    12  74.000000  81.000000  1  1.000000
    13  74.000000  81.000000  1  1.000000
    14  74.000000  81.000000  1  1.000000
    15  74.000000  81.000000  1  1.000000
    16  74.000000  81.000000  1  1.000000
    17  74.000000  81.000000  1  1.000000
    18  74.000000  81.000000  1  1.000000
    19  74.000000  81.000000  1  1.000000
    20  74.000000  81.000000  1  1.000000
    21  74.000000  81.000000  1  1.000000
    22  74.000000  81.000000  1  1.000000
    23  74.000000  81.000000  1  1.000000
    24  74.000000  81.000000  1  1.000000
    25  74.000000  81.000000  1  1.000000
    26  74.000000  81.000000  1  1.000000
    27  74.000000  81.000000  1  1.000000
    28  74.000000  81.000000  1  1.000000
    29  74.000000  81.000000  1  1.000000
    30  74.000000  81.000000  1  1.000000
    31  74.000000  81.000000  1  1.000000
    32  74.000000  81.000000  1  1.000000
    33  74.000000  81.000000  1  1.000000
    34  74.000000  81.000000  1  1.000000
    35  74.000000  81.000000  1  1.000000
    36  74.000000  81.000000  1  1.000000
    37  74.000000  81.000000  1  1.000000
    38  74.000000  81.000000  1  1.000000
    39  74.000000  81.000000  1  1.000000
    40  74.000000  81.000000  1  1.000000
}

"ÆÕ¹¥1Âä"
{
    -1  41
    0  82.000000  98.000000  1  1.000000
    1  82.000000  98.000000  1  1.000000
    2  82.000000  98.000000  1  1.000000
    3  82.000000  98.000000  1  1.000000
    4  82.000000  98.000000  1  1.000000
    5  82.000000  98.000000  1  1.000000
    6  82.000000  98.000000  1  1.000000
    7  82.000000  98.000000  1  1.000000
    8  82.000000  98.000000  1  1.000000
    9  82.000000  98.000000  1  1.000000
    10  82.000000  98.000000  1  1.000000
    11  82.000000  98.000000  1  1.000000
    12  82.000000  98.000000  1  1.000000
    13  82.000000  98.000000  1  1.000000
    14  82.000000  98.000000  1  1.000000
    15  82.000000  98.000000  1  1.000000
    16  82.000000  98.000000  1  1.000000
    17  82.000000  98.000000  1  1.000000
    18  82.000000  98.000000  1  1.000000
    19  82.000000  98.000000  1  1.000000
    20  82.000000  98.000000  1  1.000000
    21  82.000000  98.000000  1  1.000000
    22  82.000000  98.000000  1  1.000000
    23  82.000000  98.000000  1  1.000000
    24  82.000000  98.000000  1  1.000000
    25  82.000000  98.000000  1  1.000000
    26  82.000000  98.000000  1  1.000000
    27  82.000000  98.000000  1  1.000000
    28  82.000000  98.000000  1  1.000000
    29  82.000000  98.000000  1  1.000000
    30  82.000000  98.000000  1  1.000000
    31  82.000000  98.000000  1  1.000000
    32  82.000000  98.000000  1  1.000000
    33  82.000000  98.000000  1  1.000000
    34  82.000000  98.000000  1  1.000000
    35  82.000000  98.000000  1  1.000000
    36  82.000000  98.000000  1  1.000000
    37  82.000000  98.000000  1  1.000000
    38  82.000000  98.000000  1  1.000000
    39  82.000000  98.000000  1  1.000000
    40  82.000000  98.000000  1  1.000000
}

"ÆÕ¹¥1Æð"
{
    -1  41
    0  99.000000  113.000000  1  1.000000
    1  99.000000  113.000000  1  1.000000
    2  99.000000  113.000000  1  1.000000
    3  99.000000  113.000000  1  1.000000
    4  99.000000  113.000000  1  1.000000
    5  99.000000  113.000000  1  1.000000
    6  99.000000  113.000000  1  1.000000
    7  99.000000  113.000000  1  1.000000
    8  99.000000  113.000000  1  1.000000
    9  99.000000  113.000000  1  1.000000
    10  99.000000  113.000000  1  1.000000
    11  99.000000  113.000000  1  1.000000
    12  99.000000  113.000000  1  1.000000
    13  99.000000  113.000000  1  1.000000
    14  99.000000  113.000000  1  1.000000
    15  99.000000  113.000000  1  1.000000
    16  99.000000  113.000000  1  1.000000
    17  99.000000  113.000000  1  1.000000
    18  99.000000  113.000000  1  1.000000
    19  99.000000  113.000000  1  1.000000
    20  99.000000  113.000000  1  1.000000
    21  99.000000  113.000000  1  1.000000
    22  99.000000  113.000000  1  1.000000
    23  99.000000  113.000000  1  1.000000
    24  99.000000  113.000000  1  1.000000
    25  99.000000  113.000000  1  1.000000
    26  99.000000  113.000000  1  1.000000
    27  99.000000  113.000000  1  1.000000
    28  99.000000  113.000000  1  1.000000
    29  99.000000  113.000000  1  1.000000
    30  99.000000  113.000000  1  1.000000
    31  99.000000  113.000000  1  1.000000
    32  99.000000  113.000000  1  1.000000
    33  99.000000  113.000000  1  1.000000
    34  99.000000  113.000000  1  1.000000
    35  99.000000  113.000000  1  1.000000
    36  99.000000  113.000000  1  1.000000
    37  99.000000  113.000000  1  1.000000
    38  99.000000  113.000000  1  1.000000
    39  99.000000  113.000000  1  1.000000
    40  99.000000  113.000000  1  1.000000
}

"ÆÕ¹¥2Âä"
{
    -1  41
    0  114.000000  127.000000  1  1.000000
    1  114.000000  127.000000  1  1.000000
    2  114.000000  127.000000  1  1.000000
    3  114.000000  127.000000  1  1.000000
    4  114.000000  127.000000  1  1.000000
    5  114.000000  127.000000  1  1.000000
    6  114.000000  127.000000  1  1.000000
    7  114.000000  127.000000  1  1.000000
    8  114.000000  127.000000  1  1.000000
    9  114.000000  127.000000  1  1.000000
    10  114.000000  127.000000  1  1.000000
    11  114.000000  127.000000  1  1.000000
    12  114.000000  127.000000  1  1.000000
    13  114.000000  127.000000  1  1.000000
    14  114.000000  127.000000  1  1.000000
    15  114.000000  127.000000  1  1.000000
    16  114.000000  127.000000  1  1.000000
    17  114.000000  127.000000  1  1.000000
    18  114.000000  127.000000  1  1.000000
    19  114.000000  127.000000  1  1.000000
    20  114.000000  127.000000  1  1.000000
    21  114.000000  127.000000  1  1.000000
    22  114.000000  127.000000  1  1.000000
    23  114.000000  127.000000  1  1.000000
    24  114.000000  127.000000  1  1.000000
    25  114.000000  127.000000  1  1.000000
    26  114.000000  127.000000  1  1.000000
    27  114.000000  127.000000  1  1.000000
    28  114.000000  127.000000  1  1.000000
    29  114.000000  127.000000  1  1.000000
    30  114.000000  127.000000  1  1.000000
    31  114.000000  127.000000  1  1.000000
    32  114.000000  127.000000  1  1.000000
    33  114.000000  127.000000  1  1.000000
    34  114.000000  127.000000  1  1.000000
    35  114.000000  127.000000  1  1.000000
    36  114.000000  127.000000  1  1.000000
    37  114.000000  127.000000  1  1.000000
    38  114.000000  127.000000  1  1.000000
    39  114.000000  127.000000  1  1.000000
    40  114.000000  127.000000  1  1.000000
}

"ÆÕ¹¥2Æð"
{
    -1  41
    0  128.000000  142.000000  1  1.000000
    1  128.000000  142.000000  1  1.000000
    2  128.000000  142.000000  1  1.000000
    3  128.000000  142.000000  1  1.000000
    4  128.000000  142.000000  1  1.000000
    5  128.000000  142.000000  1  1.000000
    6  128.000000  142.000000  1  1.000000
    7  128.000000  142.000000  1  1.000000
    8  128.000000  142.000000  1  1.000000
    9  128.000000  142.000000  1  1.000000
    10  128.000000  142.000000  1  1.000000
    11  128.000000  142.000000  1  1.000000
    12  128.000000  142.000000  1  1.000000
    13  128.000000  142.000000  1  1.000000
    14  128.000000  142.000000  1  1.000000
    15  128.000000  142.000000  1  1.000000
    16  128.000000  142.000000  1  1.000000
    17  128.000000  142.000000  1  1.000000
    18  128.000000  142.000000  1  1.000000
    19  128.000000  142.000000  1  1.000000
    20  128.000000  142.000000  1  1.000000
    21  128.000000  142.000000  1  1.000000
    22  128.000000  142.000000  1  1.000000
    23  128.000000  142.000000  1  1.000000
    24  128.000000  142.000000  1  1.000000
    25  128.000000  142.000000  1  1.000000
    26  128.000000  142.000000  1  1.000000
    27  128.000000  142.000000  1  1.000000
    28  128.000000  142.000000  1  1.000000
    29  128.000000  142.000000  1  1.000000
    30  128.000000  142.000000  1  1.000000
    31  128.000000  142.000000  1  1.000000
    32  128.000000  142.000000  1  1.000000
    33  128.000000  142.000000  1  1.000000
    34  128.000000  142.000000  1  1.000000
    35  128.000000  142.000000  1  1.000000
    36  128.000000  142.000000  1  1.000000
    37  128.000000  142.000000  1  1.000000
    38  128.000000  142.000000  1  1.000000
    39  128.000000  142.000000  1  1.000000
    40  128.000000  142.000000  1  1.000000
}

"ËÀÍö"
{
    -1  41
    0  152.000000  182.000000  1  1.000000
    1  152.000000  182.000000  1  1.000000
    2  152.000000  182.000000  1  1.000000
    3  152.000000  182.000000  1  1.000000
    4  152.000000  182.000000  1  1.000000
    5  152.000000  182.000000  1  1.000000
    6  152.000000  182.000000  1  1.000000
    7  152.000000  182.000000  1  1.000000
    8  152.000000  182.000000  1  1.000000
    9  152.000000  182.000000  1  1.000000
    10  152.000000  182.000000  1  1.000000
    11  152.000000  182.000000  1  1.000000
    12  152.000000  182.000000  1  1.000000
    13  152.000000  182.000000  1  1.000000
    14  152.000000  182.000000  1  1.000000
    15  152.000000  182.000000  1  1.000000
    16  152.000000  182.000000  1  1.000000
    17  152.000000  182.000000  1  1.000000
    18  152.000000  182.000000  1  1.000000
    19  152.000000  182.000000  1  1.000000
    20  152.000000  182.000000  1  1.000000
    21  152.000000  182.000000  1  1.000000
    22  152.000000  182.000000  1  1.000000
    23  152.000000  182.000000  1  1.000000
    24  152.000000  182.000000  1  1.000000
    25  152.000000  182.000000  1  1.000000
    26  152.000000  182.000000  1  1.000000
    27  152.000000  182.000000  1  1.000000
    28  152.000000  182.000000  1  1.000000
    29  152.000000  182.000000  1  1.000000
    30  152.000000  182.000000  1  1.000000
    31  152.000000  182.000000  1  1.000000
    32  152.000000  182.000000  1  1.000000
    33  152.000000  182.000000  1  1.000000
    34  152.000000  182.000000  1  1.000000
    35  152.000000  182.000000  1  1.000000
    36  152.000000  182.000000  1  1.000000
    37  152.000000  182.000000  1  1.000000
    38  152.000000  182.000000  1  1.000000
    39  152.000000  182.000000  1  1.000000
    40  152.000000  182.000000  1  1.000000
}

"ÐÝÏÐ"
{
    -1  41
    0  183.000000  243.000000  1  1.000000
    1  183.000000  243.000000  1  1.000000
    2  183.000000  243.000000  1  1.000000
    3  183.000000  243.000000  1  1.000000
    4  183.000000  243.000000  1  1.000000
    5  183.000000  243.000000  1  1.000000
    6  183.000000  243.000000  1  1.000000
    7  183.000000  243.000000  1  1.000000
    8  183.000000  243.000000  1  1.000000
    9  183.000000  243.000000  1  1.000000
    10  183.000000  243.000000  1  1.000000
    11  183.000000  243.000000  1  1.000000
    12  183.000000  243.000000  1  1.000000
    13  183.000000  243.000000  1  1.000000
    14  183.000000  243.000000  1  1.000000
    15  183.000000  243.000000  1  1.000000
    16  183.000000  243.000000  1  1.000000
    17  183.000000  243.000000  1  1.000000
    18  183.000000  243.000000  1  1.000000
    19  183.000000  243.000000  1  1.000000
    20  183.000000  243.000000  1  1.000000
    21  183.000000  243.000000  1  1.000000
    22  183.000000  243.000000  1  1.000000
    23  183.000000  243.000000  1  1.000000
    24  183.000000  243.000000  1  1.000000
    25  183.000000  243.000000  1  1.000000
    26  183.000000  243.000000  1  1.000000
    27  183.000000  243.000000  1  1.000000
    28  183.000000  243.000000  1  1.000000
    29  183.000000  243.000000  1  1.000000
    30  183.000000  243.000000  1  1.000000
    31  183.000000  243.000000  1  1.000000
    32  183.000000  243.000000  1  1.000000
    33  183.000000  243.000000  1  1.000000
    34  183.000000  243.000000  1  1.000000
    35  183.000000  243.000000  1  1.000000
    36  183.000000  243.000000  1  1.000000
    37  183.000000  243.000000  1  1.000000
    38  183.000000  243.000000  1  1.000000
    39  183.000000  243.000000  1  1.000000
    40  183.000000  243.000000  1  1.000000
}

"Õ¾Á¢"
{
    -1  41
    0  244.000000  259.000000  1  1.000000
    1  244.000000  259.000000  1  1.000000
    2  244.000000  259.000000  1  1.000000
    3  244.000000  259.000000  1  1.000000
    4  244.000000  259.000000  1  1.000000
    5  244.000000  259.000000  1  1.000000
    6  244.000000  259.000000  1  1.000000
    7  244.000000  259.000000  1  1.000000
    8  244.000000  259.000000  1  1.000000
    9  244.000000  259.000000  1  1.000000
    10  244.000000  259.000000  1  1.000000
    11  244.000000  259.000000  1  1.000000
    12  244.000000  259.000000  1  1.000000
    13  244.000000  259.000000  1  1.000000
    14  244.000000  259.000000  1  1.000000
    15  244.000000  259.000000  1  1.000000
    16  244.000000  259.000000  1  1.000000
    17  244.000000  259.000000  1  1.000000
    18  244.000000  259.000000  1  1.000000
    19  244.000000  259.000000  1  1.000000
    20  244.000000  259.000000  1  1.000000
    21  244.000000  259.000000  1  1.000000
    22  244.000000  259.000000  1  1.000000
    23  244.000000  259.000000  1  1.000000
    24  244.000000  259.000000  1  1.000000
    25  244.000000  259.000000  1  1.000000
    26  244.000000  259.000000  1  1.000000
    27  244.000000  259.000000  1  1.000000
    28  244.000000  259.000000  1  1.000000
    29  244.000000  259.000000  1  1.000000
    30  244.000000  259.000000  1  1.000000
    31  244.000000  259.000000  1  1.000000
    32  244.000000  259.000000  1  1.000000
    33  244.000000  259.000000  1  1.000000
    34  244.000000  259.000000  1  1.000000
    35  244.000000  259.000000  1  1.000000
    36  244.000000  259.000000  1  1.000000
    37  244.000000  259.000000  1  1.000000
    38  244.000000  259.000000  1  1.000000
    39  244.000000  259.000000  1  1.000000
    40  244.000000  259.000000  1  1.000000
}

"ÊÜÉËµþ¼Ó"
{
    -1  41
    0  143.000000  151.000000  1  1.000000
    1  143.000000  151.000000  1  1.000000
    2  143.000000  151.000000  1  1.000000
    3  143.000000  151.000000  1  1.000000
    4  143.000000  151.000000  1  1.000000
    5  143.000000  151.000000  1  1.000000
    6  143.000000  151.000000  1  1.000000
    7  143.000000  151.000000  1  1.000000
    8  143.000000  151.000000  1  1.000000
    9  143.000000  151.000000  1  1.000000
    10  143.000000  151.000000  1  1.000000
    11  143.000000  151.000000  1  1.000000
    12  143.000000  151.000000  1  1.000000
    13  143.000000  151.000000  1  1.000000
    14  143.000000  151.000000  1  1.000000
    15  143.000000  151.000000  1  1.000000
    16  143.000000  151.000000  1  1.000000
    17  143.000000  151.000000  1  1.000000
    18  143.000000  151.000000  1  1.000000
    19  143.000000  151.000000  1  1.000000
    20  143.000000  151.000000  1  1.000000
    21  143.000000  151.000000  1  1.000000
    22  143.000000  151.000000  1  1.000000
    23  143.000000  151.000000  1  1.000000
    24  143.000000  151.000000  1  1.000000
    25  143.000000  151.000000  1  1.000000
    26  143.000000  151.000000  1  1.000000
    27  143.000000  151.000000  1  1.000000
    28  143.000000  151.000000  1  1.000000
    29  143.000000  151.000000  1  1.000000
    30  143.000000  151.000000  1  1.000000
    31  143.000000  151.000000  1  1.000000
    32  143.000000  151.000000  1  1.000000
    33  143.000000  151.000000  1  1.000000
    34  143.000000  151.000000  1  1.000000
    35  143.000000  151.000000  1  1.000000
    36  143.000000  151.000000  1  1.000000
    37  143.000000  151.000000  1  1.000000
    38  143.000000  151.000000  1  1.000000
    39  143.000000  151.000000  1  1.000000
    40  143.000000  151.000000  1  1.000000
}

