//  A3DSkinModel action list file

"挂点"
{
    -1  19
    0  0.000000  1.000000  1  1.000000
    1  0.000000  1.000000  1  1.000000
    2  0.000000  1.000000  1  1.000000
    3  0.000000  1.000000  1  1.000000
    4  0.000000  1.000000  1  1.000000
    5  0.000000  1.000000  1  1.000000
    6  0.000000  1.000000  1  1.000000
    7  0.000000  1.000000  1  1.000000
    8  0.000000  1.000000  1  1.000000
    9  0.000000  1.000000  1  1.000000
    10  0.000000  1.000000  1  1.000000
    11  0.000000  1.000000  1  1.000000
    12  0.000000  1.000000  1  1.000000
    13  0.000000  1.000000  1  1.000000
    14  0.000000  1.000000  1  1.000000
    15  0.000000  1.000000  1  1.000000
    16  0.000000  1.000000  1  1.000000
    17  0.000000  1.000000  1  1.000000
    18  0.000000  1.000000  1  1.000000
}

"机械翼_地空下降"
{
    -1  19
    0  2.000000  9.000000  1  1.000000
    1  2.000000  9.000000  1  1.000000
    2  2.000000  9.000000  1  1.000000
    3  2.000000  9.000000  1  1.000000
    4  2.000000  9.000000  1  1.000000
    5  2.000000  9.000000  1  1.000000
    6  2.000000  9.000000  1  1.000000
    7  2.000000  9.000000  1  1.000000
    8  2.000000  9.000000  1  1.000000
    9  2.000000  9.000000  1  1.000000
    10  2.000000  9.000000  1  1.000000
    11  2.000000  9.000000  1  1.000000
    12  2.000000  9.000000  1  1.000000
    13  2.000000  9.000000  1  1.000000
    14  2.000000  9.000000  1  1.000000
    15  2.000000  9.000000  1  1.000000
    16  2.000000  9.000000  1  1.000000
    17  2.000000  9.000000  1  1.000000
    18  2.000000  9.000000  1  1.000000
}

"机械翼_飞行落地"
{
    -1  19
    0  10.000000  24.000000  1  1.000000
    1  10.000000  24.000000  1  1.000000
    2  10.000000  24.000000  1  1.000000
    3  10.000000  24.000000  1  1.000000
    4  10.000000  24.000000  1  1.000000
    5  10.000000  24.000000  1  1.000000
    6  10.000000  24.000000  1  1.000000
    7  10.000000  24.000000  1  1.000000
    8  10.000000  24.000000  1  1.000000
    9  10.000000  24.000000  1  1.000000
    10  10.000000  24.000000  1  1.000000
    11  10.000000  24.000000  1  1.000000
    12  10.000000  24.000000  1  1.000000
    13  10.000000  24.000000  1  1.000000
    14  10.000000  24.000000  1  1.000000
    15  10.000000  24.000000  1  1.000000
    16  10.000000  24.000000  1  1.000000
    17  10.000000  24.000000  1  1.000000
    18  10.000000  24.000000  1  1.000000
}

"机械翼_飞行前进"
{
    -1  19
    0  25.000000  46.000000  1  1.000000
    1  25.000000  46.000000  1  1.000000
    2  25.000000  46.000000  1  1.000000
    3  25.000000  46.000000  1  1.000000
    4  25.000000  46.000000  1  1.000000
    5  25.000000  46.000000  1  1.000000
    6  25.000000  46.000000  1  1.000000
    7  25.000000  46.000000  1  1.000000
    8  25.000000  46.000000  1  1.000000
    9  25.000000  46.000000  1  1.000000
    10  25.000000  46.000000  1  1.000000
    11  25.000000  46.000000  1  1.000000
    12  25.000000  46.000000  1  1.000000
    13  25.000000  46.000000  1  1.000000
    14  25.000000  46.000000  1  1.000000
    15  25.000000  46.000000  1  1.000000
    16  25.000000  46.000000  1  1.000000
    17  25.000000  46.000000  1  1.000000
    18  25.000000  46.000000  1  1.000000
}

"机械翼_飞行悬停"
{
    -1  19
    0  47.000000  68.000000  1  1.000000
    1  47.000000  68.000000  1  1.000000
    2  47.000000  68.000000  1  1.000000
    3  47.000000  68.000000  1  1.000000
    4  47.000000  68.000000  1  1.000000
    5  47.000000  68.000000  1  1.000000
    6  47.000000  68.000000  1  1.000000
    7  47.000000  68.000000  1  1.000000
    8  47.000000  68.000000  1  1.000000
    9  47.000000  68.000000  1  1.000000
    10  47.000000  68.000000  1  1.000000
    11  47.000000  68.000000  1  1.000000
    12  47.000000  68.000000  1  1.000000
    13  47.000000  68.000000  1  1.000000
    14  47.000000  68.000000  1  1.000000
    15  47.000000  68.000000  1  1.000000
    16  47.000000  68.000000  1  1.000000
    17  47.000000  68.000000  1  1.000000
    18  47.000000  68.000000  1  1.000000
}

"机械翼_高空下降"
{
    -1  19
    0  69.000000  79.000000  1  1.000000
    1  69.000000  79.000000  1  1.000000
    2  69.000000  79.000000  1  1.000000
    3  69.000000  79.000000  1  1.000000
    4  69.000000  79.000000  1  1.000000
    5  69.000000  79.000000  1  1.000000
    6  69.000000  79.000000  1  1.000000
    7  69.000000  79.000000  1  1.000000
    8  69.000000  79.000000  1  1.000000
    9  69.000000  79.000000  1  1.000000
    10  69.000000  79.000000  1  1.000000
    11  69.000000  79.000000  1  1.000000
    12  69.000000  79.000000  1  1.000000
    13  69.000000  79.000000  1  1.000000
    14  69.000000  79.000000  1  1.000000
    15  69.000000  79.000000  1  1.000000
    16  69.000000  79.000000  1  1.000000
    17  69.000000  79.000000  1  1.000000
    18  69.000000  79.000000  1  1.000000
}

"机械翼_起飞"
{
    -1  19
    0  80.000000  101.000000  1  1.000000
    1  80.000000  101.000000  1  1.000000
    2  80.000000  101.000000  1  1.000000
    3  80.000000  101.000000  1  1.000000
    4  80.000000  101.000000  1  1.000000
    5  80.000000  101.000000  1  1.000000
    6  80.000000  101.000000  1  1.000000
    7  80.000000  101.000000  1  1.000000
    8  80.000000  101.000000  1  1.000000
    9  80.000000  101.000000  1  1.000000
    10  80.000000  101.000000  1  1.000000
    11  80.000000  101.000000  1  1.000000
    12  80.000000  101.000000  1  1.000000
    13  80.000000  101.000000  1  1.000000
    14  80.000000  101.000000  1  1.000000
    15  80.000000  101.000000  1  1.000000
    16  80.000000  101.000000  1  1.000000
    17  80.000000  101.000000  1  1.000000
    18  80.000000  101.000000  1  1.000000
}

"收起"
{
    -1  19
    0  102.000000  107.000000  1  1.000000
    1  102.000000  107.000000  1  1.000000
    2  102.000000  107.000000  1  1.000000
    3  102.000000  107.000000  1  1.000000
    4  102.000000  107.000000  1  1.000000
    5  102.000000  107.000000  1  1.000000
    6  102.000000  107.000000  1  1.000000
    7  102.000000  107.000000  1  1.000000
    8  102.000000  107.000000  1  1.000000
    9  102.000000  107.000000  1  1.000000
    10  102.000000  107.000000  1  1.000000
    11  102.000000  107.000000  1  1.000000
    12  102.000000  107.000000  1  1.000000
    13  102.000000  107.000000  1  1.000000
    14  102.000000  107.000000  1  1.000000
    15  102.000000  107.000000  1  1.000000
    16  102.000000  107.000000  1  1.000000
    17  102.000000  107.000000  1  1.000000
    18  102.000000  107.000000  1  1.000000
}

"展开"
{
    -1  19
    0  108.000000  113.000000  1  1.000000
    1  108.000000  113.000000  1  1.000000
    2  108.000000  113.000000  1  1.000000
    3  108.000000  113.000000  1  1.000000
    4  108.000000  113.000000  1  1.000000
    5  108.000000  113.000000  1  1.000000
    6  108.000000  113.000000  1  1.000000
    7  108.000000  113.000000  1  1.000000
    8  108.000000  113.000000  1  1.000000
    9  108.000000  113.000000  1  1.000000
    10  108.000000  113.000000  1  1.000000
    11  108.000000  113.000000  1  1.000000
    12  108.000000  113.000000  1  1.000000
    13  108.000000  113.000000  1  1.000000
    14  108.000000  113.000000  1  1.000000
    15  108.000000  113.000000  1  1.000000
    16  108.000000  113.000000  1  1.000000
    17  108.000000  113.000000  1  1.000000
    18  108.000000  113.000000  1  1.000000
}

